1,12238,
1,12239,
1,12240,
1,13030,
1,11614,
1,12336,
1,12366,
1,12241,
1,11821,
1,12902,
1,11826,
1,12242,
1,11714,
1,12361,
1,11812,
1,11808,
1,12243,
1,11841,
1,11784,
1,11843,
2,13075,
2,11833,
2,11811,
2,11799,
2,12855,
2,11830,
2,13128,
2,12245,
2,11789,
2,11791,
2,12330,
2,12246,
2,10009,
2,12244,
2,12337,
2,11806,
2,11635,
2,11636,
2,11794,
2,11780,
3,12985,
3,11832,
3,11642,
3,11820,
3,13114,
3,11836,
3,12389,
3,12331,
3,12905,
3,11793,
3,11648,
3,12249,
3,11773,
3,12967,
3,11825,
3,11771,
3,11783,
3,13078,
3,12251,
3,12252,
4,12253,
4,11795,
4,13088,
4,11651,
4,13046,
4,11840,
4,12921,
4,12445,
4,13096,
4,10025,
4,12311,
4,11818,
4,11782,
4,11842,
4,12415,
4,11656,
4,11824,
4,11854,
4,10071,
4,11846,
5,12442,
5,11839,
5,11815,
5,11804,
5,11822,
5,12255,
5,11838,
5,11828,
5,11781,
5,12340,
5,12256,
5,12257,
5,11788,
5,11792,
5,11823,
5,11819,
5,11835,
5,11776,
5,12258,
5,11684,
6,11844,
6,12259,
6,11686,
6,11803,
6,13140,
6,11817,
6,11845,
6,11837,
6,12306,
6,12434,
6,12999,
6,11813,
6,12817,
6,12801,
6,12877,
6,11814,
6,11834,
6,11805,
6,11769,
6,11778,
7,11770,
7,11809,
7,11829,
7,11800,
7,10062,
7,11787,
7,12262,
7,12263,
7,11851,
7,11852,
7,12945,
7,11777,
7,11798,
7,12356,
7,12264,
7,11711,
7,11774,
7,11801,
7,13089,
7,13117,
8,12265,
8,12266,
8,12444,
8,11615,
8,11727,
8,12792,
8,11762,
8,11754,
8,11738,
8,11723,
8,12232,
8,12368,
8,11733,
8,12391,
8,12429,
8,12343,
8,12876,
8,13123,
8,12320,
8,10048,
9,12417,
9,11743,
9,12321,
9,11722,
9,12226,
9,12440,
9,11761,
9,11756,
9,12364,
9,12233,
9,12961,
9,12951,
9,11744,
9,12386,
9,12911,
9,11725,
9,11751,
9,10065,
9,12315,
9,12822,
10,11767,
10,12975,
10,11730,
10,12859,
10,13074,
10,11721,
10,11768,
10,11753,
10,11693,
10,12307,
10,11749,
10,11695,
10,11735,
10,11759,
10,12229,
10,11734,
10,11729,
10,11766,
10,13156,
10,12390,
11,11750,
11,10044,
11,12998,
11,12431,
11,11747,
11,12829,
11,12236,
11,11712,
11,11731,
11,13097,
11,12339,
11,12268,
11,11862,
11,12381,
11,12228,
11,12318,
11,12403,
11,11624,
11,11888,
11,12271,
12,11887,
12,11895,
12,11901,
12,11864,
12,12367,
12,12272,
12,11890,
12,11869,
12,11866,
12,11881,
12,11871,
12,11865,
12,12944,
12,11860,
12,12838,
12,12219,
12,11875,
12,11892,
12,11877,
12,12413,
13,11885,
13,11902,
13,12317,
13,12270,
13,11880,
13,10073,
13,12273,
13,12345,
13,11874,
13,11870,
13,11879,
13,12352,
13,11882,
13,11884,
13,12809,
13,11863,
13,12384,
13,12374,
13,11867,
13,12420,
14,11868,
14,11886,
14,11872,
14,11891,
14,13154,
14,11883,
14,12369,
14,11903,
14,11861,
14,12325,
14,11900,
14,12274,
14,11694,
14,11876,
14,11699,
14,12409,
14,11899,
14,11873,
14,11857,
14,11894,
15,12276,
15,12277,
15,11896,
15,12278,
15,11889,
15,13026,
15,11893,
15,11911,
15,12414,
15,12412,
15,13122,
15,12394,
15,12267,
15,11914,
15,11910,
15,11912,
15,11716,
15,11908,
15,12839,
15,12375,
16,12309,
16,12380,
16,11737,
16,11742,
16,11763,
16,11732,
16,13062,
16,12441,
16,12851,
16,12427,
16,11671,
16,12230,
16,13131,
16,12234,
16,11752,
16,11745,
16,11758,
16,12231,
16,11746,
16,12433,
17,11757,
17,10066,
17,11740,
17,12215,
17,11760,
17,11748,
17,12235,
17,12378,
17,12323,
17,11849,
17,12396,
17,11790,
17,11797,
17,12324,
17,11848,
17,12425,
17,12432,
17,11775,
17,11850,
17,11802,
18,11847,
18,11796,
18,11807,
18,11633,
18,13136,
18,12953,
18,12357,
18,12804,
18,11785,
18,11715,
18,12360,
18,12308,
18,12397,
18,12010,
18,12338,
18,12422,
18,13076,
18,11927,
18,11948,
18,12333,
19,11967,
19,11619,
19,11966,
19,11718,
19,12408,
19,11623,
19,11976,
19,11945,
19,11973,
19,11937,
19,12399,
19,12211,
19,11953,
19,11628,
19,11982,
19,11925,
19,12401,
19,11972,
19,11981,
19,11965,
20,11987,
20,13038,
20,11990,
20,11637,
20,11992,
20,11968,
20,13141,
20,11915,
20,11960,
20,12007,
20,11643,
20,12281,
20,11998,
20,12385,
20,11962,
20,11932,
20,11994,
20,12002,
20,11918,
20,12013,
21,11986,
21,12359,
21,11963,
21,12868,
21,12837,
21,11946,
21,11957,
21,11974,
21,11649,
21,10055,
21,11652,
21,11952,
21,12940,
21,12209,
21,11654,
21,11657,
21,12327,
21,11978,
21,11989,
21,11959,
22,12341,
22,11664,
22,10110,
22,11936,
22,12402,
22,12919,
22,11669,
22,11958,
22,11670,
22,12404,
22,11930,
22,13095,
22,12371,
22,11955,
22,13027,
22,12334,
22,11926,
22,11997,
22,11924,
22,12350,
23,13000,
23,11923,
23,11676,
23,13040,
23,13098,
23,11949,
23,12001,
23,11971,
23,11941,
23,11991,
23,11977,
23,11983,
23,11961,
23,12008,
23,12283,
23,11943,
23,11942,
23,12398,
23,11993,
23,12395,
24,11692,
24,10060,
24,12407,
24,11696,
24,11702,
24,12003,
24,12005,
24,12000,
24,11985,
24,11947,
24,12006,
24,10076,
24,10042,
24,10020,
24,10021,
24,12284,
24,12346,
24,11938,
24,11934,
24,11950,
25,12405,
25,11921,
25,11922,
25,11964,
25,11980,
25,11979,
25,12803,
25,12436,
25,11970,
25,11984,
25,11940,
25,11996,
25,12208,
25,11616,
25,12202,
25,12362,
25,12206,
25,12865,
25,12204,
25,12205,
26,12392,
26,11639,
26,12192,
26,12193,
26,12301,
26,11644,
26,12201,
26,12363,
26,12213,
26,11661,
26,12871,
26,12200,
26,12195,
26,11690,
26,12302,
26,12789,
26,12196,
26,12197,
26,12300,
26,12303,
27,12305,
27,12304,
27,11719,
27,11612,
27,13137,
27,11618,
27,12180,
27,12212,
27,12170,
27,12203,
27,12178,
27,13165,
27,12183,
27,13120,
27,12184,
27,12175,
27,12187,
27,11653,
27,13047,
27,11663,
28,12194,
28,12174,
28,12186,
28,12182,
28,12328,
28,12447,
28,12181,
28,12189,
28,12179,
28,12185,
28,11706,
28,12172,
28,12177,
28,12171,
28,12173,
28,12188,
28,12100,
28,12069,
28,12084,
28,12383,
29,10094,
29,12815,
29,12097,
29,11620,
29,11622,
29,12222,
29,12295,
29,11626,
29,12332,
29,12082,
29,11629,
29,13146,
29,12085,
29,12347,
29,12095,
29,12081,
29,12805,
29,12115,
29,12120,
29,12094,
30,11646,
30,13093,
30,12070,
30,12091,
30,12093,
30,10002,
30,12903,
30,12099,
30,13034,
30,12117,
30,12089,
30,12934,
30,12072,
30,11672,
30,12297,
30,12087,
30,11675,
30,12076,
30,12090,
30,12073,
31,12783,
31,12210,
31,12329,
31,12083,
31,12075,
31,12108,
31,12217,
31,12365,
31,12078,
31,12122,
31,11703,
31,12373,
31,12102,
31,11704,
31,12113,
31,12098,
31,12220,
31,11705,
31,12410,
31,12101,
32,12121,
32,11707,
32,11708,
32,12870,
32,12109,
32,13007,
32,12096,
32,11709,
32,12423,
32,12080,
32,12066,
32,13035,
32,12063,
32,12224,
32,12030,
32,12353,
32,11625,
32,12067,
32,12025,
32,11999,
33,12437,
33,12064,
33,12372,
33,11634,
33,12041,
33,12065,
33,12035,
33,12393,
33,10011,
33,12042,
33,12045,
33,12051,
33,12017,
33,12011,
33,12023,
33,12348,
33,12009,
33,12054,
33,13023,
33,12047,
34,12026,
34,12048,
34,12015,
34,12062,
34,12037,
34,12034,
34,12049,
34,12040,
34,10082,
34,11682,
34,12020,
34,11683,
34,12290,
34,12028,
34,12018,
34,12313,
34,11687,
34,12772,
34,11688,
34,12057,
35,12382,
35,12291,
35,12055,
35,12354,
35,11700,
35,12012,
35,10061,
35,12031,
35,13090,
35,10038,
35,12053,
35,12050,
35,12036,
35,12032,
35,12227,
35,12293,
35,12443,
35,12060,
35,12400,
35,12056,
36,11995,
36,12014,
36,12033,
36,12019,
36,12061,
36,12142,
36,12296,
36,12131,
36,11645,
36,11659,
36,12438,
36,11680,
36,12127,
36,12135,
36,12141,
36,12773,
36,11717,
36,11640,
36,12125,
36,11666,
37,12138,
37,12439,
37,12418,
37,12139,
37,11673,
37,12358,
37,13005,
37,11677,
37,12298,
37,12133,
37,12132,
37,11685,
37,12134,
37,12136,
37,12137,
37,12355,
37,11710,
37,12022,
37,12029,
37,12218,
38,12289,
38,12430,
38,13135,
38,12046,
38,12377,
38,11660,
38,11681,
38,12376,
38,13059,
38,12016,
38,12038,
38,12286,
38,12781,
38,12344,
38,12294,
38,12105,
38,12118,
38,12351,
38,12214,
38,12103,
39,12124,
39,12110,
39,11679,
39,12123,
39,12106,
39,12111,
39,12335,
39,11638,
39,12152,
39,11674,
39,12370,
39,12151,
39,12150,
39,12144,
39,12145,
39,12992,
39,12155,
39,12159,
39,12161,
39,12154,
40,12165,
40,12168,
40,12162,
40,12160,
40,11621,
40,11662,
40,12153,
40,12148,
40,12146,
40,12149,
40,12143,
40,11713,
40,10016,
40,12156,
40,11698,
40,12166,
40,12167,
40,12158,
40,12316,
40,12164,
41,12157,
