1,3270073190,
2,3270022850,
2,3270026370,
2,3270023620,
2,3270022090,
2,3270022600,
2,3270082360,
2,3270064880,
2,3270061290,
2,3270068300,
2,3270084690,
2,3270084410,
2,3270066240,
2,3270069080,
2,3270022270,
2,3270060880,
2,3270023410,
2,3270023820,
2,3270068290,
2,3270070630,
2,3270088580,
3,3270090340,
3,3270055290,
3,3270084290,
3,3270076550,
3,3270023440,
3,3270023160,
3,3270072780,
3,3270091100,
3,3270077990,
3,3270091180,
3,3270072540,
3,3270022110,
3,3270072550,
3,3270075690,
3,3270023770,
3,3270090070,
3,3270022250,
3,3270091370,
3,3270068280,
3,3270088750,
4,3270081400,
4,3270070610,
4,3270076540,
4,3270023510,
4,3270023490,
4,3270080150,
4,3270024040,
4,3270081250,
4,3270083730,
4,3270080910,
4,3270087230,
4,3270021990,
4,3270076980,
4,3270080200,
4,3270074740,
4,3270081260,
4,3270023180,
4,3270074750,
4,3270075140,
4,3270090610,
5,3270022300,
5,3270077680,
5,3270023380,
5,3270080210,
5,3270091700,
5,3270068200,
5,3270022550,
5,3270022990,
5,3270072580,
5,3270073990,
5,3270023290,
5,3270072560,
5,3270072570,
5,3270023460,
5,3270022690,
5,3270086760,
5,3270022070,
5,3270022800,
5,3270061090,
5,3270023600,
6,3270063260,
6,3270022460,
6,3270022760,
6,3270022820,
6,3270021790,
6,3270093560,
6,3270085730,
6,3270023830,
6,3270023870,
6,3270022560,
6,3270091110,
6,3270022130,
6,3270023970,
6,3270062200,
6,3270023630,
6,3270023670,
6,3270023250,
6,3270076600,
6,3270022030,
6,3270023610,
7,3270023170,
7,3270088730,
7,3270065940,
7,3270023780,
7,3270022220,
7,3270081820,
7,3270023240,
7,3270022980,
7,3270063390,
7,3270077010,
7,3270080410,
7,3270080220,
7,3270021970,
7,3270023470,
7,3270023200,
7,3270023590,
7,3270022700,
7,3270062260,
7,3270024020,
8,3270024030,
8,3270021960,
8,3270064820,
8,3270023650,
8,3270022240,
8,3270093770,
8,3270021930,
8,3270072590,
8,3270054650,
8,3270062950,
8,3270083510,
8,3270070650,
8,3270093520,
8,3270055300,
8,3270074840,
8,3270060980,
8,3270022830,
8,3270078850,
8,3270022720,
8,3270023980,
9,3270022810,
9,3270022390,
9,3270023110,
9,3270023570,
9,3270023150,
9,3270086610,
9,3270023050,
9,3270023740,
9,3270023990,
9,3270093160,
9,3270022340,
9,3270078020,
9,3270081330,
9,3270022940,
9,3270023500,
9,3270022770,
9,3270066760,
9,3270023890,
9,3270022170,
9,3270022260,
10,3270060620,
10,3270022360,
10,3270023660,
10,3270022580,
10,3270022610,
10,3270022370,
10,3270022410,
10,3270024010,
10,3270021840,
10,3270022210,
10,3270023720,
10,3270067500,
10,3270068710,
10,3270023910,
10,3270023040,
10,3270079710,
10,3270077030,
10,3270023090,
10,3270091210,
10,3270025550,
11,3270054610,
11,3270022510,
11,3270023800,
11,3270083380,
11,3270021800,
11,3270022670,
11,3270023310,
11,3270021900,
11,3270023690,
11,3270064200,
11,3270023030,
11,3270023920,
11,3270023400,
11,3270022860,
11,3270023220,
11,3270022470,
11,3270022010,
11,3270022630,
11,3270022080,
11,3270023420,
12,3270023790,
12,3270023320,
12,3270022570,
12,3270060220,
12,3270087090,
12,3270022140,
12,3270069060,
12,3270084450,
12,3270023840,
12,3270021920,
12,3270071240,
12,3270080680,
12,3270081810,
12,3270023700,
12,3270022190,
12,3270022730,
12,3270091220,
12,3270092150,
12,3270078950,
12,3270023210,
13,3270023900,
13,3270067930,
13,3270023370,
13,3270023710,
13,3270022000,
1,3270024900,
1,3270084850,
1,3270025240,
1,3270024710,
1,3270025330,
1,3270025150,
1,3270025230,
1,3270089610,
1,3270079990,
1,3270091120,
1,3270089150,
1,3270090600,
1,3270088210,
1,3270071620,
1,3270075840,
1,3270072620,
1,3270078660,
1,3270092220,
1,3270093570,
1,3270089800,
2,3270054590,
2,3270083160,
2,3270094270,
2,3270024760,
2,3270086040,
2,3270024860,
2,3270061540,
2,3270080570,
2,3270090710,
2,3270061310,
2,3270025030,
2,3270024910,
2,3270055280,
2,3270024990,
2,3270025320,
2,3270025130,
2,3270078860,
2,3270024820,
2,3270065370,
2,3270025250,
3,3270072360,
3,3270086130,
3,3270024770,
3,3270074850,
3,3270072350,
3,3270084950,
3,3270024730,
3,3270093910,
3,3270064910,
3,3270093710,
3,3270025360,
3,3270068800,
3,3270025040,
3,3270025000,
3,3270025260,
3,3270082910,
3,3270088530,
3,3270088720,
3,3270024790,
3,3270024880,
4,3270025050,
4,3270068600,
4,3270024920,
4,3270025280,
4,3270025160,
4,3270024950,
4,3270065130,
4,3270024720,
4,3270087730,
4,3270024870,
1,3270077400,
1,3270076370,
1,3270027280,
1,3270025690,
1,3270025870,
1,3270090630,
1,3270085250,
1,3270054680,
1,3270027160,
1,3270067160,
1,3270026560,
1,3270083020,
1,3270026660,
1,3270063140,
1,3270027270,
1,3270067150,
1,3270085430,
1,3270072420,
1,3270024700,
1,3270077300,
2,3270074800,
2,3270076070,
2,3270084350,
2,3270061890,
2,3270025600,
2,3270073120,
2,3270082420,
2,3270085460,
2,3270025850,
2,3270078330,
2,3270092640,
2,3270027350,
2,3270062530,
2,3270026160,
2,3270087260,
2,3270064860,
2,3270025990,
2,3270071610,
2,3270078390,
2,3270091850,
3,3270094330,
3,3270026790,
3,3270088160,
3,3270089120,
3,3270091080,
3,3270081970,
3,3270027120,
3,3270025930,
3,3270087220,
3,3270070030,
3,3270027000,
3,3270093880,
3,3270026300,
3,3270026140,
3,3270080510,
3,3270025830,
3,3270090200,
3,3270094290,
3,3270067760,
3,3270077540,
4,3270086600,
4,3270091860,
4,3270026270,
4,3270026710,
4,3270071510,
4,3270074000,
4,3270073760,
4,3270027130,
4,3270083900,
4,3270026870,
4,3270076350,
4,3270025770,
4,3270080380,
4,3270027260,
4,3270026810,
4,3270026150,
4,3270093530,
4,3270090490,
4,3270025970,
4,3270026820,
5,3270088520,
5,3270079340,
5,3270089190,
5,3270027060,
5,3270026260,
5,3270026230,
5,3270026280,
5,3270064540,
5,3270026910,
5,3270025960,
5,3270025650,
5,3270082010,
5,3270082650,
5,3270026610,
5,3270025860,
5,3270026780,
5,3270064130,
5,3270025890,
5,3270025580,
5,3270076620,
6,3270026830,
6,3270025560,
6,3270025510,
6,3270069740,
6,3270025740,
6,3270025760,
6,3270092590,
6,3270072650,
6,3270091870,
6,3270092600,
6,3270027020,
6,3270025790,
6,3270079180,
6,3270085760,
6,3270027360,
6,3270026200,
6,3270085140,
6,3270089460,
6,3270089830,
6,3270080160,
7,3270080390,
7,3270026620,
7,3270091880,
7,3270026470,
7,3270026550,
7,3270026510,
7,3270026460,
7,3270054660,
7,3270025540,
7,3270025640,
7,3270026580,
7,3270026290,
7,3270093120,
7,3270026080,
7,3270061560,
7,3270026450,
7,3270025670,
7,3270090040,
7,3270025610,
7,3270025800,
8,3270026940,
8,3270091470,
8,3270025660,
8,3270026220,
8,3270081740,
8,3270026310,
8,3270026770,
8,3270064120,
8,3270025730,
8,3270027040,
8,3270075900,
8,3270027300,
8,3270026750,
8,3270075170,
8,3270025530,
8,3270027080,
8,3270026190,
8,3270026850,
8,3270026900,
8,3270026860,
9,3270027010,
9,3270081890,
9,3270069990,
9,3270082790,
9,3270026130,
9,3270065580,
9,3270026010,
9,3270027150,
9,3270027180,
9,3270026690,
9,3270025570,
9,3270083010,
9,3270079160,
9,3270069970,
9,3270026590,
9,3270054670,
9,3270092090,
9,3270067980,
9,3270069940,
9,3270025520,
10,3270083890,
10,3270025820,
10,3270087970,
10,3270026110,
10,3270089640,
10,3270026970,
10,3270025810,
10,3270081300,
10,3270083760,
10,3270027320,
10,3270027230,
10,3270027340,
10,3270088640,
10,3270092180,
10,3270027200,
10,3270026630,
10,3270025940,
10,3270026720,
10,3270026570,
10,3270025780,
11,3270078810,
11,3270026520,
11,3270077000,
11,3270066420,
11,3270093930,
11,3270026700,
11,3270026730,
1,3270024480,
1,3270069780,
1,3270024530,
1,3270024100,
1,3270090870,
1,3270087250,
1,3270082370,
1,3270075860,
1,3270084300,
1,3270091160,
1,3270082410,
1,3270094280,
1,3270082430,
1,3270075160,
1,3270024320,
1,3270024170,
1,3270024670,
1,3270083300,
1,3270062190,
1,3270024680,
2,3270024450,
2,3270024690,
2,3270089100,
2,3270093300,
2,3270070580,
2,3270024600,
2,3270090350,
2,3270089380,
2,3270087740,
2,3270085000,
2,3270068730,
2,3270024650,
2,3270024610,
2,3270074280,
2,3270024620,
2,3270077340,
2,3270024210,
2,3270024520,
2,3270024200,
2,3270024550,
3,3270024190,
3,3270088610,
3,3270089370,
3,3270060080,
3,3270024220,
3,3270075150,
3,3270074290,
3,3270024130,
3,3270086950,
3,3270024260,
3,3270024140,
3,3270061080,
3,3270062970,
3,3270075050,
3,3270024090,
3,3270060100,
3,3270080420,
3,3270024390,
3,3270094230,
3,3270024230,
4,3270064430,
4,3270055260,
4,3270090470,
4,3270074900,
4,3270024360,
4,3270024150,
4,3270054580,
4,3270082880,
4,3270024350,
4,3270083340,
4,3270024250,
4,3270054600,
4,3270024570,
4,3270024240,
4,3270079360,
4,3270024420,
4,3270024630,
4,3270024640,
4,3270087000,
4,3270081110,
5,3270081080,
5,3270024370,
5,3270024110,
5,3270024120,
5,3270083980,
5,3270024470,
5,3270093110,
5,3270088590,
5,3270081960,
5,3270024490,
5,3270024050,
1,3270025400,
1,3270025380,
1,3270074500,
1,3270062560,
1,3270025410,
1,3270083720,
1,3270081190,
1,3270025470,
1,3270025490,
1,3270030230,
1,3270074370,
1,3270094150,
1,3270082770,
1,3270030620,
1,3270029280,
1,3270071990,
1,3270061900,
1,3270029530,
1,3270030560,
1,3270067140,
1,3270092940,
1,3270088140,
1,3270030970,
1,3270030090,
1,3270029230,
1,3270030580,
1,3270081170,
1,3270030850,
1,3270087200,
2,3270030660,
2,3270094260,
2,3270093280,
2,3270029730,
2,3270084120,
2,3270077520,
2,3270088170,
2,3270085870,
2,3270076190,
2,3270068610,
2,3270091050,
2,3270029240,
2,3270085390,
2,3270079330,
2,3270029500,
2,3270074210,
2,3270093850,
2,3270069310,
2,3270088700,
2,3270090100,
3,3270067520,
3,3270069730,
3,3270071680,
3,3270083150,
3,3270073020,
3,3270075880,
3,3270083530,
3,3270089140,
3,3270030320,
3,3270087280,
3,3270030770,
3,3270029430,
3,3270084830,
3,3270082390,
3,3270081160,
3,3270029420,
3,3270030460,
3,3270029700,
3,3270029450,
3,3270030360,
4,3270029870,
4,3270030670,
4,3270029470,
4,3270030500,
4,3270071210,
4,3270030270,
4,3270030000,
4,3270029580,
4,3270029650,
4,3270065630,
4,3270030290,
4,3270030350,
4,3270089820,
4,3270061550,
4,3270029300,
4,3270030930,
4,3270029990,
4,3270030730,
4,3270064360,
4,3270029840,
5,3270030430,
5,3270060160,
5,3270029260,
5,3270030810,
5,3270030640,
5,3270030140,
5,3270030300,
5,3270030470,
5,3270029460,
5,3270029200,
5,3270030740,
5,3270030050,
5,3270077580,
5,3270078040,
5,3270079320,
5,3270029860,
5,3270062870,
5,3270030890,
5,3270029910,
5,3270030070,
6,3270029600,
6,3270064350,
6,3270069280,
6,3270063350,
6,3270030860,
6,3270030760,
6,3270030250,
6,3270029210,
6,3270029390,
6,3270029640,
6,3270071980,
6,3270062580,
6,3270030410,
6,3270076970,
6,3270029820,
6,3270030600,
6,3270029550,
6,3270075290,
6,3270090380,
6,3270030220,
7,3270030330,
7,3270087750,
7,3270029370,
7,3270090800,
7,3270030260,
7,3270076960,
7,3270067560,
7,3270029190,
7,3270029510,
7,3270030420,
7,3270029920,
7,3270030340,
7,3270030960,
7,3270082580,
7,3270081090,
7,3270081240,
7,3270029790,
7,3270030590,
7,3270030210,
7,3270030020,
8,3270061270,
8,3270083320,
8,3270030440,
8,3270029560,
8,3270029270,
8,3270029490,
8,3270030830,
8,3270082590,
8,3270091690,
8,3270091890,
8,3270030790,
8,3270030480,
8,3270079150,
8,3270093050,
8,3270092700,
8,3270029690,
8,3270030690,
8,3270030390,
8,3270030120,
8,3270068480,
9,3270094370,
9,3270029360,
9,3270029310,
9,3270029570,
9,3270030310,
9,3270080520,
9,3270029220,
9,3270030450,
9,3270029340,
9,3270029960,
9,3270062770,
9,3270030920,
9,3270085490,
9,3270029660,
9,3270055240,
9,3270030280,
9,3270030030,
9,3270030800,
9,3270082090,
9,3270030200,
10,3270071500,
10,3270072430,
10,3270092280,
10,3270029330,
10,3270029290,
1,3270054740,
1,3270028120,
1,3270054720,
1,3270087340,
1,3270029090,
1,3270028760,
1,3270028080,
1,3270070040,
1,3270055330,
1,3270090830,
1,3270029160,
1,3270063290,
1,3270077040,
1,3270084270,
1,3270091090,
1,3270070920,
1,3270088220,
1,3270069500,
1,3270028840,
1,3270067070,
2,3270085480,
2,3270080090,
2,3270094320,
2,3270077050,
2,3270077280,
2,3270091680,
2,3270067100,
2,3270028770,
2,3270028240,
2,3270028580,
2,3270028740,
2,3270089110,
2,3270067530,
2,3270075020,
2,3270063280,
2,3270088230,
2,3270028830,
2,3270090230,
2,3270080340,
2,3270029070,
3,3270027970,
3,3270028190,
3,3270091150,
3,3270028180,
3,3270077510,
3,3270028870,
3,3270028290,
3,3270028710,
3,3270028570,
3,3270093720,
3,3270028900,
3,3270027880,
3,3270028400,
3,3270028340,
3,3270028100,
3,3270067960,
3,3270091430,
3,3270080920,
3,3270074190,
3,3270071520,
4,3270092200,
4,3270085010,
4,3270072380,
4,3270028430,
4,3270028800,
4,3270028820,
4,3270029060,
4,3270028010,
4,3270094120,
4,3270082000,
4,3270028330,
4,3270028300,
4,3270028270,
4,3270027850,
4,3270028750,
4,3270065560,
4,3270028600,
4,3270093510,
4,3270028560,
4,3270029030,
5,3270029080,
5,3270081690,
5,3270093100,
5,3270027960,
5,3270094250,
5,3270028780,
5,3270028720,
5,3270060170,
5,3270028090,
5,3270072520,
5,3270090060,
5,3270028480,
5,3270027900,
5,3270028930,
5,3270028670,
5,3270093490,
5,3270028880,
5,3270028280,
5,3270029130,
5,3270028490,
6,3270027790,
6,3270028680,
6,3270089600,
6,3270091670,
6,3270078960,
6,3270093750,
6,3270055310,
6,3270028070,
6,3270029040,
6,3270070020,
6,3270029140,
6,3270084400,
6,3270028130,
6,3270085260,
6,3270029110,
6,3270028390,
6,3270093590,
6,3270062540,
6,3270092670,
6,3270027920,
7,3270077690,
7,3270085500,
7,3270028060,
7,3270074950,
7,3270088490,
7,3270028850,
7,3270067540,
7,3270080580,
7,3270027810,
7,3270028200,
7,3270089340,
7,3270028790,
7,3270028640,
7,3270029020,
7,3270088070,
7,3270082450,
7,3270028110,
7,3270028460,
7,3270028140,
7,3270027800,
8,3270055320,
8,3270028030,
8,3270028990,
8,3270028610,
8,3270060950,
8,3270085020,
8,3270027890,
8,3270028150,
8,3270079120,
8,3270028320,
8,3270079720,
8,3270066610,
8,3270028590,
8,3270028540,
1,3270089920,
1,3270027600,
1,3270027590,
1,3270077660,
1,3270078320,
1,3270074700,
1,3270027400,
1,3270027710,
1,3270027760,
1,3270066230,
1,3270027750,
1,3270082400,
1,3270091270,
1,3270027690,
1,3270027550,
1,3270093760,
1,3270094000,
1,3270027670,
1,3270027630,
1,3270062930,
2,3270027650,
2,3270027420,
2,3270094180,
2,3270027640,
2,3270078970,
2,3270027490,
2,3270027520,
2,3270062240,
2,3270094110,
2,3270069720,
2,3270027500,
2,3270027610,
2,3270027440,
2,3270027660,
2,3270075070,
2,3270074990,
2,3270027620,
2,3270027380,
2,3270027470,
2,3270093580,
1,3270053680,
1,3270053610,
1,3270053690,
1,3270088960,
1,3270053650,
1,3270082470,
1,3270053620,
1,3270067200,
1,3270068700,
1,3270053660,
1,3270093700,
1,3270031190,
1,3270031010,
1,3270031760,
1,3270031360,
1,3270089470,
1,3270031570,
1,3270031370,
1,3270031350,
1,3270065860,
1,3270082380,
1,3270073180,
1,3270031200,
1,3270031160,
1,3270031280,
1,3270089790,
1,3270031550,
1,3270078520,
1,3270081120,
1,3270085150,
2,3270090080,
2,3270070910,
2,3270031150,
2,3270086340,
2,3270080780,
2,3270031140,
2,3270031030,
2,3270031560,
2,3270031040,
2,3270031500,
2,3270031800,
2,3270031090,
2,3270031440,
2,3270031330,
2,3270031510,
2,3270089170,
2,3270084960,
2,3270031230,
2,3270031060,
2,3270031600,
3,3270031820,
3,3270074400,
3,3270031580,
3,3270031490,
3,3270031790,
3,3270031700,
3,3270073770,
3,3270090790,
3,3270081870,
3,3270031070,
3,3270079700,
3,3270082780,
3,3270076140,
3,3270054820,
3,3270030980,
3,3270031420,
3,3270031810,
3,3270081510,
3,3270031750,
3,3270093540,
4,3270073580,
4,3270031460,
4,3270031220,
4,3270031620,
4,3270091900,
4,3270031210,
4,3270031250,
4,3270031640,
4,3270031000,
4,3270030990,
4,3270031050,
4,3270031390,
4,3270088950,
4,3270086620,
4,3270031170,
1,3270086880,
1,3270033790,
1,3270061230,
1,3270034630,
1,3270034310,
1,3270086720,
1,3270087770,
1,3270035410,
1,3270035630,
1,3270085670,
1,3270034580,
1,3270034440,
1,3270034450,
1,3270068100,
1,3270093240,
1,3270065170,
1,3270091060,
1,3270063870,
1,3270085720,
1,3270092560,
2,3270063300,
2,3270092550,
2,3270092260,
2,3270087210,
2,3270085400,
2,3270066670,
2,3270068750,
2,3270033780,
2,3270065840,
2,3270093230,
2,3270080060,
2,3270082560,
2,3270071790,
2,3270035090,
2,3270034380,
2,3270081180,
2,3270054790,
2,3270088260,
2,3270079600,
2,3270072630,
3,3270074790,
3,3270075820,
3,3270033940,
3,3270075850,
3,3270090160,
3,3270086390,
3,3270035260,
3,3270078790,
3,3270093260,
3,3270080890,
3,3270034130,
3,3270034640,
3,3270035010,
3,3270033860,
3,3270035170,
3,3270088270,
3,3270077260,
3,3270080560,
3,3270035270,
3,3270035290,
4,3270034340,
4,3270034060,
4,3270073070,
4,3270033950,
4,3270035310,
4,3270078740,
4,3270034500,
4,3270084620,
4,3270092680,
4,3270034670,
4,3270035570,
4,3270069070,
4,3270034120,
4,3270088650,
4,3270035500,
4,3270034660,
4,3270034430,
4,3270074870,
4,3270033750,
4,3270034700,
5,3270034810,
5,3270076210,
5,3270033760,
5,3270069330,
5,3270034950,
5,3270054800,
5,3270061710,
5,3270054810,
5,3270080790,
5,3270093340,
5,3270033800,
5,3270035120,
5,3270034850,
5,3270077790,
5,3270034710,
5,3270060290,
5,3270034030,
5,3270077570,
5,3270035150,
5,3270034420,
6,3270068120,
6,3270035540,
6,3270090590,
6,3270081390,
6,3270033820,
6,3270034780,
6,3270066040,
6,3270034360,
6,3270093990,
6,3270033920,
6,3270084230,
6,3270088020,
6,3270034790,
6,3270089080,
6,3270060750,
6,3270033930,
6,3270034280,
6,3270074820,
6,3270062230,
6,3270035020,
7,3270093730,
7,3270072660,
7,3270069120,
7,3270034680,
7,3270074030,
7,3270034840,
7,3270034690,
7,3270035690,
7,3270034270,
7,3270092660,
7,3270034970,
7,3270034520,
7,3270081760,
7,3270068660,
7,3270034740,
7,3270089420,
7,3270072300,
7,3270033900,
7,3270035640,
7,3270070940,
8,3270035380,
8,3270073820,
8,3270033880,
8,3270064630,
8,3270034990,
8,3270033990,
8,3270034260,
8,3270034770,
8,3270035140,
8,3270033830,
8,3270034930,
8,3270035460,
8,3270034330,
8,3270093220,
8,3270062610,
8,3270034020,
8,3270092980,
8,3270035210,
8,3270088740,
8,3270090690,
9,3270090150,
9,3270092520,
9,3270092620,
9,3270035510,
9,3270086400,
9,3270035470,
9,3270088870,
9,3270035320,
9,3270035250,
9,3270034610,
9,3270087070,
9,3270034900,
9,3270091720,
9,3270035060,
9,3270035180,
9,3270035560,
9,3270066220,
9,3270034910,
9,3270034560,
9,3270035030,
10,3270034410,
10,3270092140,
10,3270093550,
10,3270034200,
10,3270034040,
10,3270034730,
10,3270084130,
10,3270063100,
10,3270034530,
10,3270060300,
10,3270035490,
10,3270089780,
10,3270062760,
10,3270034210,
10,3270035080,
10,3270034590,
10,3270062390,
10,3270034960,
10,3270034890,
10,3270080880,
11,3270063410,
11,3270066200,
11,3270071010,
11,3270034320,
11,3270080670,
11,3270035550,
11,3270034300,
1,3270032910,
1,3270032960,
1,3270032690,
1,3270032500,
1,3270069880,
1,3270032490,
1,3270074230,
1,3270068140,
1,3270033420,
1,3270089390,
1,3270066270,
1,3270032570,
1,3270066740,
1,3270033260,
1,3270077290,
1,3270060260,
1,3270087650,
1,3270080170,
1,3270092230,
1,3270033470,
2,3270032770,
2,3270084640,
2,3270068330,
2,3270073040,
2,3270084360,
2,3270082440,
2,3270070590,
2,3270033200,
2,3270067130,
2,3270033230,
2,3270032860,
2,3270075870,
2,3270067170,
2,3270032620,
2,3270067080,
2,3270032650,
2,3270033600,
2,3270033630,
2,3270071730,
2,3270093690,
3,3270033220,
3,3270033400,
3,3270032890,
3,3270032970,
3,3270033010,
3,3270070690,
3,3270033210,
3,3270093380,
3,3270032930,
3,3270033270,
3,3270080400,
3,3270033330,
3,3270033000,
3,3270033310,
3,3270032560,
3,3270074220,
3,3270033690,
3,3270063600,
3,3270033320,
3,3270033450,
4,3270055350,
4,3270076060,
4,3270033050,
4,3270066070,
4,3270032440,
4,3270033700,
4,3270033570,
4,3270033670,
4,3270081370,
4,3270032990,
4,3270032820,
4,3270032780,
4,3270093030,
4,3270060190,
4,3270069680,
4,3270078700,
4,3270033390,
4,3270032790,
4,3270033120,
4,3270033060,
5,3270033520,
5,3270032740,
5,3270033180,
5,3270032540,
5,3270032950,
5,3270032750,
5,3270032640,
5,3270033650,
5,3270033380,
5,3270033710,
5,3270066100,
5,3270032470,
5,3270032510,
5,3270033090,
5,3270092170,
5,3270032870,
5,3270033620,
5,3270033350,
5,3270085230,
5,3270055360,
6,3270032460,
6,3270066210,
6,3270089950,
6,3270086350,
6,3270032700,
6,3270032580,
6,3270091190,
6,3270032630,
6,3270032450,
6,3270033250,
6,3270088310,
6,3270033300,
6,3270072390,
6,3270094170,
6,3270033110,
6,3270080950,
6,3270075130,
1,3270035810,
1,3270035770,
1,3270036050,
1,3270036030,
1,3270035920,
1,3270076560,
1,3270064840,
1,3270090820,
1,3270036040,
1,3270073150,
1,3270080120,
1,3270077330,
1,3270080130,
1,3270035960,
1,3270083210,
1,3270036140,
1,3270094160,
1,3270036170,
1,3270035890,
1,3270074760,
2,3270092240,
2,3270084320,
2,3270035720,
2,3270035750,
2,3270078120,
2,3270055380,
2,3270035950,
2,3270035980,
2,3270036160,
2,3270082180,
2,3270061500,
2,3270035870,
2,3270035900,
2,3270067710,
2,3270063640,
2,3270036070,
2,3270093350,
2,3270035940,
2,3270035830,
2,3270035700,
3,3270036020,
3,3270036100,
3,3270035710,
3,3270074320,
3,3270055370,
3,3270062980,
3,3270091910,
3,3270076320,
3,3270066080,
3,3270036010,
3,3270035820,
3,3270035910,
3,3270036190,
1,3270032060,
1,3270032240,
1,3270071710,
1,3270060840,
1,3270031840,
1,3270090140,
1,3270032400,
1,3270032180,
1,3270064160,
1,3270084250,
1,3270075520,
1,3270078410,
1,3270032260,
1,3270093390,
1,3270087290,
1,3270068440,
1,3270090300,
1,3270080050,
1,3270077410,
1,3270083580,
2,3270032010,
2,3270032120,
2,3270032310,
2,3270032330,
2,3270069850,
2,3270032360,
2,3270032140,
2,3270032040,
2,3270032110,
2,3270071390,
2,3270075510,
2,3270065420,
2,3270032410,
2,3270032130,
2,3270032000,
2,3270032070,
2,3270032380,
2,3270031920,
2,3270031940,
2,3270032090,
3,3270032280,
3,3270032420,
3,3270031950,
3,3270032150,
3,3270032190,
3,3270032030,
3,3270069540,
3,3270031970,
3,3270032080,
3,3270032210,
3,3270031960,
3,3270066880,
3,3270031930,
3,3270031900,
3,3270032200,
3,3270031990,
3,3270089940,
3,3270083260,
3,3270032170,
4,3270075750,
4,3270082480,
4,3270069670,
1,3270036340,
1,3270036290,
1,3270078380,
1,3270077770,
1,3270036370,
1,3270036240,
1,3270075030,
1,3270036320,
1,3270036250,
1,3270036360,
1,3270036280,
1,3270036350,
1,3270036300,
1,3270082120,
1,3270036200,
1,3270083540,
1,3270082130,
1,3270036330,
1,3270092970,
1,3270087760,
2,3270036380,
2,3270077780,
2,3270036210,
1,3270036480,
1,3270036530,
1,3270036470,
1,3270036560,
1,3270088290,
1,3270036650,
1,3270084330,
1,3270073980,
1,3270036510,
1,3270036720,
1,3270036710,
1,3270036540,
1,3270093360,
1,3270036590,
1,3270085890,
1,3270036450,
1,3270094240,
1,3270073750,
1,3270036700,
1,3270036600,
2,3270091920,
2,3270093870,
2,3270036570,
2,3270036580,
2,3270036550,
2,3270093900,
2,3270036440,
2,3270061840,
2,3270036640,
2,3270054830,
2,3270082200,
2,3270036520,
2,3270036630,
2,3270036620,
2,3270063400,
2,3270091400,
2,3270036740,
1,3270040710,
1,3270040840,
1,3270041360,
1,3270040290,
1,3270041040,
1,3270040690,
1,3270069700,
1,3270040430,
1,3270041130,
1,3270040660,
1,3270040650,
1,3270041340,
1,3270040260,
1,3270078340,
1,3270085740,
1,3270082670,
1,3270041140,
1,3270073800,
1,3270063830,
1,3270084430,
2,3270067110,
2,3270063330,
2,3270075830,
2,3270086590,
2,3270081210,
2,3270081220,
2,3270041200,
2,3270077320,
2,3270041000,
2,3270078800,
2,3270044240,
2,3270041110,
2,3270041260,
2,3270082100,
2,3270041020,
2,3270041190,
2,3270040950,
2,3270040340,
2,3270069460,
2,3270041530,
3,3270040850,
3,3270040510,
3,3270040930,
3,3270084840,
3,3270041070,
3,3270074270,
3,3270040250,
3,3270041100,
3,3270041320,
3,3270041410,
3,3270040940,
3,3270092050,
3,3270091420,
3,3270040490,
3,3270040300,
3,3270040920,
3,3270041150,
3,3270066470,
3,3270088000,
3,3270040980,
4,3270041310,
4,3270040890,
4,3270041240,
4,3270089360,
4,3270078430,
4,3270040500,
4,3270071380,
4,3270040810,
4,3270089350,
4,3270068680,
4,3270094130,
4,3270040870,
4,3270040460,
4,3270091390,
4,3270040560,
4,3270040440,
4,3270060150,
4,3270040330,
4,3270065830,
4,3270040370,
5,3270083910,
5,3270040630,
5,3270041430,
5,3270040750,
5,3270041030,
5,3270040470,
5,3270041210,
5,3270041180,
5,3270040740,
5,3270086750,
5,3270041230,
5,3270071370,
5,3270041090,
5,3270040230,
5,3270041010,
5,3270041500,
5,3270074360,
5,3270040420,
5,3270040720,
5,3270041470,
6,3270080370,
6,3270040640,
6,3270040770,
6,3270041440,
6,3270062380,
6,3270091200,
6,3270040540,
6,3270040270,
6,3270069860,
6,3270069350,
6,3270079770,
6,3270040790,
6,3270068010,
6,3270076580,
6,3270054870,
6,3270090780,
6,3270093320,
6,3270040730,
6,3270041290,
6,3270041220,
7,3270079780,
7,3270076830,
7,3270040760,
7,3270085880,
7,3270076610,
7,3270041480,
7,3270041490,
7,3270063910,
7,3270040820,
7,3270040830,
7,3270040880,
7,3270054860,
7,3270040480,
7,3270040410,
7,3270041120,
1,3270041830,
1,3270041780,
1,3270041750,
1,3270041670,
1,3270075810,
1,3270060800,
1,3270090240,
1,3270089130,
1,3270085690,
1,3270041570,
1,3270078490,
1,3270041730,
1,3270073060,
1,3270041580,
1,3270041690,
1,3270041760,
1,3270041820,
1,3270078690,
1,3270041840,
1,3270041540,
2,3270041800,
2,3270041770,
2,3270041640,
2,3270073210,
2,3270062800,
2,3270041590,
2,3270041680,
2,3270085470,
2,3270041650,
2,3270041790,
2,3270041560,
2,3270071000,
2,3270083330,
1,3270037880,
1,3270038040,
1,3270037150,
1,3270037730,
1,3270038970,
1,3270039010,
1,3270087980,
1,3270038490,
1,3270038660,
1,3270039520,
1,3270037690,
1,3270036950,
1,3270063010,
1,3270037840,
1,3270037920,
1,3270037740,
1,3270039340,
1,3270039230,
1,3270037220,
1,3270037510,
2,3270038880,
2,3270039160,
2,3270064640,
2,3270037760,
2,3270038470,
2,3270075310,
2,3270062160,
2,3270083290,
2,3270085350,
2,3270062110,
2,3270080010,
2,3270094340,
2,3270080020,
2,3270081140,
2,3270038830,
2,3270092250,
2,3270081130,
2,3270069650,
2,3270090180,
2,3270090170,
3,3270088630,
3,3270080650,
3,3270078440,
3,3270039410,
3,3270038560,
3,3270039290,
3,3270068490,
3,3270090190,
3,3270082350,
3,3270038850,
3,3270084240,
3,3270066410,
3,3270038920,
3,3270068400,
3,3270037770,
3,3270037320,
3,3270084650,
3,3270038870,
3,3270075910,
3,3270037540,
4,3270054520,
4,3270090260,
4,3270092610,
4,3270039500,
4,3270037900,
4,3270069270,
4,3270072000,
4,3270060910,
4,3270081710,
4,3270091140,
4,3270061240,
4,3270060210,
4,3270036760,
4,3270061320,
4,3270037560,
4,3270038640,
4,3270078420,
4,3270087660,
4,3270038170,
5,3270037000,
5,3270085680,
5,3270090220,
5,3270070530,
5,3270038530,
5,3270037910,
5,3270039170,
5,3270054510,
5,3270039280,
5,3270036750,
5,3270070760,
5,3270038380,
5,3270039560,
5,3270038950,
5,3270037280,
5,3270037750,
5,3270087310,
5,3270037410,
5,3270038320,
5,3270036990,
6,3270037200,
6,3270036900,
6,3270037060,
6,3270037810,
6,3270065600,
6,3270038810,
6,3270090270,
6,3270037450,
6,3270037370,
6,3270071780,
6,3270075300,
6,3270037970,
6,3270077710,
6,3270068760,
6,3270037650,
6,3270086960,
6,3270039550,
6,3270038770,
6,3270038100,
6,3270037080,
7,3270036770,
7,3270093980,
7,3270039580,
7,3270088660,
7,3270078460,
7,3270037310,
7,3270037870,
7,3270038750,
7,3270075550,
7,3270038160,
7,3270036780,
7,3270092510,
7,3270038620,
7,3270037170,
7,3270081490,
7,3270060780,
7,3270038340,
7,3270037470,
7,3270037070,
7,3270037390,
8,3270038370,
8,3270081840,
8,3270086730,
8,3270037480,
8,3270039030,
8,3270074340,
8,3270037860,
8,3270038060,
8,3270091450,
8,3270039140,
8,3270039100,
8,3270039000,
8,3270037670,
8,3270037210,
8,3270038360,
8,3270036970,
8,3270039270,
8,3270037530,
8,3270037570,
8,3270037550,
9,3270037590,
9,3270037020,
9,3270037110,
9,3270039130,
9,3270078280,
9,3270065140,
9,3270065150,
9,3270053700,
9,3270037700,
9,3270080750,
9,3270082960,
9,3270038590,
9,3270078780,
9,3270038670,
9,3270081380,
9,3270060770,
9,3270072150,
9,3270038730,
9,3270084380,
9,3270072750,
10,3270037330,
10,3270092880,
10,3270038610,
10,3270039240,
10,3270074550,
10,3270037960,
10,3270038190,
10,3270068110,
10,3270037300,
10,3270037850,
10,3270038740,
10,3270038310,
10,3270038440,
10,3270038580,
10,3270036860,
10,3270037420,
10,3270038710,
10,3270038350,
10,3270037440,
10,3270072760,
11,3270038420,
11,3270038700,
11,3270037890,
11,3270039020,
11,3270037260,
11,3270036870,
11,3270076510,
11,3270083600,
11,3270089810,
11,3270038570,
11,3270054550,
11,3270063890,
11,3270039330,
11,3270037990,
11,3270073280,
11,3270038400,
11,3270037160,
11,3270037660,
11,3270038150,
11,3270038260,
12,3270074510,
12,3270083030,
12,3270038390,
12,3270038910,
12,3270037030,
12,3270037360,
12,3270038790,
12,3270038070,
12,3270065820,
12,3270038090,
12,3270037780,
12,3270038240,
12,3270039050,
12,3270037820,
12,3270077070,
12,3270038720,
12,3270063940,
12,3270038010,
12,3270067740,
12,3270037120,
13,3270037400,
13,3270093020,
13,3270038550,
13,3270084390,
13,3270038020,
13,3270039540,
13,3270090620,
13,3270038780,
13,3270038480,
13,3270037520,
13,3270039260,
13,3270064170,
13,3270072010,
13,3270037350,
13,3270083470,
13,3270038140,
13,3270039470,
13,3270089430,
13,3270036920,
13,3270038280,
14,3270038600,
14,3270069290,
14,3270039450,
14,3270093890,
14,3270061820,
14,3270076090,
14,3270075010,
14,3270036830,
14,3270038030,
14,3270079760,
14,3270039380,
14,3270039150,
14,3270037580,
14,3270038430,
14,3270079310,
14,3270074250,
14,3270064830,
14,3270069320,
14,3270054530,
14,3270039510,
15,3270039460,
1,3270042850,
1,3270043260,
1,3270043310,
1,3270043110,
1,3270043320,
1,3270043410,
1,3270043080,
1,3270067420,
1,3270084280,
1,3270080540,
1,3270043100,
1,3270093670,
1,3270043070,
1,3270083170,
1,3270061300,
1,3270078010,
1,3270042840,
1,3270042970,
1,3270093330,
1,3270081850,
2,3270043190,
2,3270070800,
2,3270042870,
2,3270043120,
2,3270043230,
2,3270043270,
2,3270088760,
2,3270043180,
2,3270043370,
2,3270042890,
2,3270043150,
2,3270076410,
2,3270043390,
2,3270043170,
2,3270043010,
2,3270043300,
2,3270043400,
2,3270043130,
2,3270043290,
2,3270043020,
3,3270043040,
3,3270063120,
3,3270042920,
3,3270043030,
3,3270043330,
3,3270043200,
3,3270043280,
3,3270043140,
3,3270043380,
3,3270043450,
3,3270060570,
3,3270076590,
3,3270063930,
3,3270086190,
3,3270042880,
1,3270043930,
1,3270074330,
1,3270044120,
1,3270044150,
1,3270088510,
1,3270082140,
1,3270075920,
1,3270043820,
1,3270062750,
1,3270073790,
1,3270062180,
1,3270086870,
1,3270080030,
1,3270043680,
1,3270044070,
1,3270043750,
1,3270044140,
1,3270044160,
1,3270043620,
1,3270043960,
2,3270067220,
2,3270043980,
2,3270044130,
2,3270043600,
2,3270083870,
2,3270043650,
2,3270043570,
2,3270044020,
2,3270043790,
2,3270043880,
2,3270086780,
2,3270093070,
2,3270043840,
2,3270069090,
2,3270043780,
2,3270043640,
2,3270086140,
2,3270061110,
2,3270043830,
2,3270043870,
3,3270044010,
3,3270043770,
3,3270043610,
3,3270089590,
3,3270044060,
3,3270043890,
3,3270043810,
3,3270044030,
3,3270054920,
3,3270043940,
3,3270043540,
3,3270043900,
3,3270068090,
3,3270043860,
3,3270044100,
3,3270043950,
3,3270061910,
1,3270039680,
1,3270039720,
1,3270039700,
1,3270090330,
1,3270070700,
1,3270039670,
1,3270039790,
1,3270083200,
1,3270077350,
1,3270072370,
1,3270090370,
1,3270039900,
1,3270040170,
1,3270039760,
1,3270040180,
1,3270093150,
1,3270039650,
1,3270040070,
1,3270083590,
1,3270040120,
2,3270054880,
2,3270093130,
2,3270040150,
2,3270039930,
2,3270040010,
2,3270040100,
2,3270040050,
2,3270073050,
2,3270040080,
2,3270063110,
2,3270039880,
2,3270039690,
2,3270040040,
2,3270040000,
2,3270039730,
2,3270039780,
2,3270039940,
2,3270040090,
2,3270039890,
2,3270039640,
3,3270077800,
3,3270065660,
3,3270039590,
3,3270039960,
3,3270071230,
3,3270090880,
3,3270074890,
3,3270039840,
3,3270067910,
3,3270039830,
3,3270040200,
3,3270092780,
3,3270039850,
3,3270039810,
3,3270039660,
3,3270093920,
3,3270040160,
3,3270061700,
3,3270076380,
1,3270042760,
1,3270042340,
1,3270042510,
1,3270042590,
1,3270042400,
1,3270042370,
1,3270075890,
1,3270080110,
1,3270042600,
1,3270069480,
1,3270042740,
1,3270085440,
1,3270071740,
1,3270042290,
1,3270042550,
1,3270042640,
1,3270042780,
1,3270042350,
1,3270088560,
1,3270042540,
2,3270089770,
2,3270042800,
2,3270042360,
2,3270042320,
2,3270042660,
2,3270090920,
2,3270042490,
2,3270042520,
2,3270068830,
2,3270042620,
2,3270092760,
2,3270054890,
2,3270042700,
2,3270081360,
2,3270042410,
2,3270080550,
2,3270042300,
2,3270054900,
2,3270042670,
2,3270042750,
3,3270042570,
3,3270042530,
3,3270042380,
3,3270042310,
1,3270088300,
1,3270042010,
1,3270083740,
1,3270042140,
1,3270055390,
1,3270086310,
1,3270084310,
1,3270077310,
1,3270065280,
1,3270073030,
1,3270080140,
1,3270091130,
1,3270081230,
1,3270091170,
1,3270087270,
1,3270042070,
1,3270041920,
1,3270042150,
1,3270042060,
1,3270042090,
2,3270042180,
2,3270092500,
2,3270042250,
2,3270067400,
2,3270041930,
2,3270088090,
2,3270042080,
2,3270064090,
2,3270042120,
2,3270041910,
2,3270061100,
2,3270042240,
2,3270085940,
2,3270069340,
2,3270090850,
2,3270090280,
2,3270042130,
2,3270084340,
2,3270042270,
2,3270042020,
3,3270061940,
3,3270042160,
3,3270041940,
3,3270042200,
3,3270041950,
3,3270042030,
3,3270041990,
3,3270054910,
3,3270042220,
1,3270044590,
1,3270044530,
1,3270044380,
1,3270044560,
1,3270082340,
1,3270085370,
1,3270090090,
1,3270076990,
1,3270044510,
1,3270044430,
1,3270078360,
1,3270055410,
1,3270044420,
1,3270085780,
1,3270074530,
1,3270073780,
1,3270082160,
1,3270044600,
1,3270078530,
1,3270044610,
2,3270044470,
2,3270085920,
2,3270044390,
2,3270044350,
2,3270044500,
2,3270068270,
2,3270044440,
2,3270044640,
2,3270044410,
2,3270044670,
2,3270044460,
2,3270077560,
2,3270087990,
2,3270044620,
2,3270068420,
2,3270063840,
2,3270044370,
2,3270080640,
1,3270042810,
1,3270069660,
1,3270042820,
1,3270043480,
1,3270078350,
1,3270043500,
1,3270043520,
1,3270046600,
1,3270054450,
1,3270091260,
1,3270046830,
1,3270081290,
1,3270082950,
1,3270046850,
1,3270080250,
1,3270044910,
1,3270091070,
1,3270086770,
1,3270081320,
1,3270092570,
1,3270045020,
1,3270044940,
1,3270046610,
1,3270074730,
1,3270044820,
1,3270046960,
1,3270047070,
2,3270044930,
2,3270088150,
2,3270085360,
2,3270088240,
2,3270047040,
2,3270078510,
2,3270075340,
2,3270082860,
2,3270077240,
2,3270046690,
2,3270046570,
2,3270046630,
2,3270046680,
2,3270072970,
2,3270092690,
2,3270046700,
2,3270074050,
2,3270046750,
2,3270045200,
2,3270047060,
3,3270045230,
3,3270078100,
3,3270085210,
3,3270047020,
3,3270063380,
3,3270047000,
3,3270045080,
3,3270045060,
3,3270087960,
3,3270065890,
3,3270046450,
3,3270046460,
3,3270054410,
3,3270044790,
3,3270076360,
3,3270092580,
3,3270044850,
3,3270046840,
3,3270046550,
3,3270093740,
4,3270068820,
4,3270044810,
4,3270046870,
4,3270045150,
4,3270046900,
4,3270092790,
4,3270044760,
4,3270046860,
4,3270046800,
4,3270084440,
4,3270046950,
4,3270044800,
4,3270079560,
4,3270045160,
4,3270046530,
4,3270045010,
4,3270044890,
4,3270045140,
4,3270044730,
4,3270061510,
5,3270054460,
5,3270085910,
5,3270044950,
5,3270046920,
5,3270090840,
5,3270084420,
5,3270046710,
5,3270045110,
5,3270046560,
5,3270078980,
5,3270046470,
5,3270091710,
5,3270081700,
5,3270044830,
5,3270045250,
5,3270044700,
5,3270044920,
5,3270045100,
5,3270044960,
5,3270046770,
6,3270067680,
6,3270044720,
6,3270044970,
6,3270044980,
6,3270065400,
6,3270046940,
1,3270090310,
1,3270053290,
1,3270094300,
1,3270078370,
1,3270053370,
1,3270053540,
1,3270055200,
1,3270081280,
1,3270086370,
1,3270078300,
1,3270053340,
1,3270083190,
1,3270083550,
1,3270072980,
1,3270078310,
1,3270083180,
1,3270091240,
1,3270053130,
1,3270053270,
1,3270067950,
2,3270053300,
2,3270077760,
2,3270053480,
2,3270062150,
2,3270053120,
2,3270091480,
2,3270053420,
2,3270053160,
2,3270065910,
2,3270064340,
2,3270076080,
2,3270053410,
2,3270053230,
2,3270088570,
2,3270053140,
2,3270053450,
2,3270053570,
2,3270094140,
2,3270053400,
2,3270053500,
3,3270053240,
3,3270053360,
3,3270053110,
3,3270075080,
3,3270053180,
3,3270053460,
3,3270072740,
3,3270078450,
3,3270093500,
3,3270053260,
3,3270053190,
3,3270053150,
1,3270068390,
1,3270052640,
1,3270053000,
1,3270052790,
1,3270068810,
1,3270094360,
1,3270052750,
1,3270053060,
1,3270088180,
1,3270073720,
1,3270052970,
1,3270082310,
1,3270075330,
1,3270060830,
1,3270053050,
1,3270053070,
1,3270052810,
1,3270052630,
1,3270076120,
1,3270054430,
2,3270053040,
2,3270054420,
2,3270090810,
2,3270052880,
2,3270052700,
2,3270066860,
2,3270076860,
2,3270052910,
2,3270071750,
2,3270052980,
2,3270068260,
2,3270052610,
2,3270052840,
2,3270053020,
2,3270053030,
2,3270070670,
2,3270052950,
2,3270052660,
2,3270052690,
2,3270077090,
3,3270092160,
3,3270052760,
3,3270066640,
3,3270052830,
3,3270072040,
3,3270090860,
3,3270086710,
3,3270052710,
3,3270089980,
3,3270085200,
3,3270065180,
3,3270052780,
3,3270052590,
3,3270071400,
1,3270048620,
1,3270049010,
1,3270048390,
1,3270048530,
1,3270094310,
1,3270091040,
1,3270048330,
1,3270064550,
1,3270088670,
1,3270081270,
1,3270093970,
1,3270078000,
1,3270061880,
1,3270085650,
1,3270092960,
1,3270094350,
1,3270048970,
1,3270060820,
1,3270075570,
1,3270048730,
2,3270048320,
2,3270086320,
2,3270048670,
2,3270048710,
2,3270048760,
2,3270048300,
2,3270093310,
2,3270048380,
2,3270076400,
2,3270083500,
2,3270048720,
2,3270048830,
2,3270076110,
2,3270066630,
2,3270070980,
2,3270048750,
2,3270054440,
2,3270048490,
2,3270073080,
2,3270089160,
3,3270048790,
3,3270091840,
3,3270048520,
3,3270077740,
3,3270048640,
3,3270048350,
3,3270048460,
3,3270048990,
3,3270048700,
3,3270048370,
3,3270048770,
3,3270048630,
3,3270086330,
3,3270049000,
3,3270078470,
3,3270048920,
3,3270048440,
3,3270073920,
3,3270084160,
3,3270048930,
4,3270065260,
4,3270048740,
4,3270072500,
4,3270048420,
4,3270048340,
4,3270076800,
4,3270048860,
4,3270048550,
4,3270048560,
4,3270048590,
4,3270093400,
4,3270048580,
4,3270048600,
4,3270088850,
4,3270087100,
1,3270045380,
1,3270069450,
1,3270077250,
1,3270080040,
1,3270045360,
1,3270084100,
1,3270045420,
1,3270045710,
1,3270070560,
1,3270080480,
1,3270073960,
1,3270073000,
1,3270045500,
1,3270045480,
1,3270084370,
1,3270089090,
1,3270045700,
1,3270045940,
1,3270045520,
1,3270085860,
2,3270091230,
2,3270069490,
2,3270046000,
2,3270064370,
2,3270088970,
2,3270045400,
2,3270081980,
2,3270073090,
2,3270045280,
2,3270045750,
2,3270045570,
2,3270045830,
2,3270090720,
2,3270045260,
2,3270045880,
2,3270045770,
2,3270075110,
2,3270045600,
2,3270093940,
2,3270045540,
3,3270045760,
3,3270089630,
3,3270045890,
3,3270045370,
3,3270077360,
3,3270066890,
3,3270045950,
3,3270074020,
3,3270087180,
3,3270055210,
3,3270045790,
3,3270087190,
3,3270045670,
3,3270045930,
3,3270045800,
3,3270045470,
3,3270045490,
3,3270082150,
3,3270045440,
3,3270087630,
4,3270045740,
4,3270091440,
4,3270045620,
4,3270045610,
4,3270045560,
4,3270062400,
4,3270045640,
4,3270045980,
4,3270045310,
4,3270045550,
1,3270047380,
1,3270047600,
1,3270047190,
1,3270086630,
1,3270047780,
1,3270047520,
1,3270047650,
1,3270047310,
1,3270084090,
1,3270047690,
1,3270077980,
1,3270065030,
1,3270047620,
1,3270079390,
1,3270083140,
1,3270074710,
1,3270086210,
1,3270047410,
1,3270047240,
1,3270084990,
2,3270073950,
2,3270047180,
2,3270060810,
2,3270047350,
2,3270093250,
2,3270082970,
2,3270084260,
2,3270082190,
2,3270092950,
2,3270087620,
2,3270066910,
2,3270047810,
2,3270090680,
2,3270073930,
2,3270047910,
2,3270047140,
2,3270047880,
2,3270047490,
2,3270047740,
2,3270047170,
3,3270076950,
3,3270047710,
3,3270047510,
3,3270047790,
3,3270047320,
3,3270047610,
3,3270047670,
3,3270047230,
3,3270092060,
3,3270076050,
3,3270047470,
3,3270047100,
3,3270080460,
3,3270047340,
3,3270047130,
3,3270047300,
3,3270080730,
3,3270047900,
3,3270047160,
3,3270047480,
4,3270047400,
4,3270047250,
4,3270047860,
4,3270047680,
4,3270093660,
4,3270071940,
4,3270076850,
4,3270069900,
4,3270074010,
4,3270072670,
4,3270047270,
4,3270047500,
4,3270065190,
4,3270047150,
4,3270072530,
4,3270066680,
4,3270047590,
4,3270065900,
4,3270082900,
4,3270063900,
5,3270047450,
5,3270047580,
5,3270088320,
5,3270047820,
5,3270047760,
5,3270047440,
5,3270047530,
5,3270084700,
5,3270047420,
5,3270083710,
5,3270047890,
5,3270047120,
5,3270068150,
5,3270047570,
1,3270060860,
1,3270044330,
1,3270044260,
1,3270044180,
1,3270044200,
1,3270044300,
1,3270044210,
1,3270044280,
1,3270044320,
1,3270087120,
1,3270092490,
1,3270067730,
1,3270051350,
1,3270092270,
1,3270051330,
1,3270051080,
1,3270050840,
1,3270050500,
1,3270051040,
1,3270051050,
1,3270050570,
1,3270085420,
1,3270077270,
1,3270050660,
1,3270080000,
1,3270082320,
1,3270051110,
1,3270066660,
1,3270051100,
1,3270050950,
2,3270073010,
2,3270069470,
2,3270087240,
2,3270089410,
2,3270050800,
2,3270051010,
2,3270050480,
2,3270050970,
2,3270050560,
2,3270050740,
2,3270050450,
2,3270050820,
2,3270083130,
2,3270051160,
2,3270051000,
2,3270051320,
2,3270083240,
2,3270051270,
2,3270051170,
2,3270066840,
3,3270050610,
3,3270054950,
3,3270050530,
3,3270050360,
3,3270050810,
3,3270051280,
3,3270067580,
3,3270050830,
3,3270050680,
3,3270050750,
3,3270089650,
3,3270067900,
3,3270078540,
3,3270081520,
3,3270051130,
3,3270050890,
3,3270050650,
3,3270051140,
3,3270090050,
3,3270050620,
4,3270082300,
4,3270091460,
4,3270050850,
4,3270051180,
4,3270050460,
4,3270084460,
4,3270051200,
4,3270050730,
4,3270069710,
4,3270051220,
4,3270078710,
4,3270050640,
4,3270067550,
4,3270051020,
4,3270091280,
4,3270051030,
4,3270088710,
4,3270050790,
4,3270051340,
4,3270050930,
5,3270051060,
5,3270050390,
5,3270050520,
5,3270065270,
5,3270050980,
5,3270050630,
5,3270050580,
5,3270050860,
5,3270050440,
5,3270051260,
5,3270050670,
5,3270080800,
5,3270051150,
5,3270050990,
5,3270050410,
1,3270050020,
1,3270050120,
1,3270049930,
1,3270050050,
1,3270049880,
1,3270050030,
1,3270074770,
1,3270063170,
1,3270088190,
1,3270049970,
1,3270050130,
1,3270069960,
1,3270066440,
1,3270050220,
1,3270049830,
1,3270049910,
1,3270050180,
1,3270050210,
1,3270050140,
1,3270050100,
2,3270049980,
2,3270049820,
2,3270075540,
2,3270050080,
2,3270049950,
2,3270050110,
2,3270050090,
2,3270049920,
2,3270050010,
2,3270050250,
2,3270061810,
2,3270049900,
2,3270050040,
2,3270080360,
2,3270049960,
2,3270087110,
2,3270049890,
2,3270049200,
2,3270049940,
2,3270050070,
3,3270083000,
1,3270051590,
1,3270051540,
1,3270051620,
1,3270051430,
1,3270067830,
1,3270063310,
1,3270080190,
1,3270087300,
1,3270051410,
1,3270051680,
1,3270082330,
1,3270083750,
1,3270051690,
1,3270051470,
1,3270051510,
1,3270051660,
1,3270064850,
1,3270051670,
1,3270051570,
1,3270051440,
2,3270091410,
2,3270051600,
2,3270060760,
2,3270051490,
2,3270051500,
2,3270051550,
2,3270051400,
2,3270051370,
2,3270051560,
2,3270051610,
2,3270070970,
1,3270051860,
1,3270079370,
1,3270051870,
1,3270051880,
1,3270065880,
1,3270065850,
1,3270071960,
1,3270051900,
1,3270086410,
1,3270051990,
1,3270081150,
1,3270089450,
1,3270052030,
1,3270051910,
1,3270051760,
1,3270051710,
1,3270051840,
1,3270051890,
1,3270051770,
1,3270084670,
2,3270079380,
2,3270052020,
2,3270062590,
2,3270092650,
2,3270051980,
2,3270082680,
2,3270051850,
2,3270069100,
2,3270065650,
2,3270052040,
2,3270052160,
2,3270052180,
2,3270051920,
2,3270052190,
2,3270051970,
2,3270089180,
2,3270051780,
2,3270051930,
2,3270051940,
2,3270051700,
3,3270060060,
3,3270085710,
3,3270084810,
3,3270083280,
3,3270051740,
1,3270049610,
1,3270049240,
1,3270049060,
1,3270049120,
1,3270080930,
1,3270049600,
1,3270069510,
1,3270049030,
1,3270049770,
1,3270076940,
1,3270085450,
1,3270092630,
1,3270075780,
1,3270090210,
1,3270092540,
1,3270081200,
1,3270072400,
1,3270067180,
1,3270093680,
1,3270085410,
2,3270079570,
2,3270083220,
2,3270084660,
2,3270075770,
2,3270049350,
2,3270049250,
2,3270049280,
2,3270068620,
2,3270049800,
2,3270049730,
2,3270049270,
2,3270061340,
2,3270071670,
2,3270049190,
2,3270049570,
2,3270049520,
2,3270076220,
2,3270049330,
2,3270067770,
2,3270049650,
3,3270072640,
3,3270049440,
3,3270049460,
3,3270049290,
3,3270049180,
3,3270049640,
3,3270049230,
3,3270049540,
3,3270064650,
3,3270049620,
3,3270049310,
3,3270049500,
3,3270049340,
3,3270049100,
3,3270049690,
3,3270049590,
3,3270049720,
3,3270089440,
3,3270049510,
3,3270049480,
4,3270071650,
4,3270049320,
4,3270062990,
4,3270049170,
4,3270049160,
4,3270093860,
4,3270075220,
4,3270079410,
4,3270069790,
4,3270089200,
4,3270071660,
4,3270073600,
4,3270079750,
4,3270061330,
4,3270049430,
4,3270049630,
4,3270049660,
4,3270049580,
4,3270081500,
4,3270090890,
5,3270088600,
5,3270049110,
5,3270060990,
5,3270049260,
5,3270067060,
1,3270048090,
1,3270048020,
1,3270048030,
1,3270047980,
1,3270048240,
1,3270047950,
1,3270047940,
1,3270048130,
1,3270083250,
1,3270048140,
1,3270055420,
1,3270081720,
1,3270093290,
1,3270063860,
1,3270048040,
1,3270048150,
1,3270093370,
1,3270048270,
1,3270080240,
1,3270048050,
2,3270048200,
2,3270048170,
2,3270048230,
2,3270093140,
2,3270048190,
2,3270048000,
2,3270048180,
2,3270067990,
2,3270047970,
2,3270081310,
2,3270067440,
2,3270048280,
2,3270048010,
2,3270085700,
2,3270047960,
2,3270048290,
2,3270072200,
2,3270048080,
2,3270048100,
2,3270048210,
1,3270046220,
1,3270046410,
1,3270093040,
1,3270060180,
1,3270046260,
1,3270088500,
1,3270071640,
1,3270083230,
1,3270092530,
1,3270046400,
1,3270077100,
1,3270046330,
1,3270046190,
1,3270046240,
1,3270046300,
1,3270047080,
1,3270046250,
1,3270046380,
1,3270046320,
1,3270075930,
1,3270052450,
1,3270064950,
1,3270088280,
1,3270052330,
1,3270052300,
1,3270052280,
1,3270052290,
1,3270052350,
1,3270092800,
1,3270052360,
1,3270060920,
1,3270052250,
1,3270052440,
1,3270052490,
1,3270052400,
1,3270052380,
1,3270052420,
1,3270052390,
1,3270052370,
2,3270052470,
2,3270052430,
2,3270060140,
2,3270052410,
2,3270052310,
2,3270052500,
2,3270075530,
1,3270090360,
1,3270070540,
1,3270050350,
1,3270050290,
1,3270050320,
1,3270050330,
1,3270050340,
1,3270050300,
1,3270050310,
1,3270046040,
1,3270070070,
1,3270090290,
1,3270046140,
1,3270046120,
1,3270046080,
1,3270046170,
1,3270046150,
1,3270079200,
1,3270082870,
1,3270075190,
1,3270046180,
1,3270046130,
1,3270061950,
1,3270092290,
1,3270046020,
1,3270046050,
1,3270060130,
1,3270052220,
1,3270072140,
1,3270052240,
1,3270052230,
1,3270060850,
1,3270092080,
1,3270052580,
1,3270052530,
1,3270004840,
1,3270081600,
1,3270004280,
1,3270073290,
1,3270004270,
1,3270062320,
1,3270082220,
1,3270064750,
1,3270086430,
1,3270004320,
1,3270004740,
1,3270061450,
1,3270093950,
1,3270004760,
1,3270070160,
1,3270084530,
1,3270062000,
1,3270004830,
1,3270080720,
1,3270004460,
2,3270004420,
2,3270066480,
2,3270072800,
2,3270004780,
2,3270077190,
2,3270083350,
2,3270078170,
2,3270081610,
2,3270004610,
2,3270004800,
2,3270004400,
2,3270004870,
2,3270004900,
2,3270004650,
2,3270063720,
2,3270091930,
2,3270078920,
2,3270070110,
2,3270004260,
2,3270004720,
3,3270004810,
3,3270004510,
3,3270004660,
3,3270080430,
3,3270004880,
3,3270004390,
3,3270004860,
3,3270083070,
3,3270085810,
3,3270004820,
3,3270077620,
3,3270004380,
3,3270004490,
3,3270004450,
3,3270070740,
3,3270004750,
3,3270089480,
3,3270073850,
3,3270089660,
3,3270067610,
4,3270004890,
4,3270004290,
4,3270084720,
4,3270004300,
4,3270060660,
4,3270075620,
4,3270076710,
4,3270070120,
4,3270004600,
4,3270061570,
4,3270072690,
4,3270079430,
4,3270070130,
4,3270004700,
4,3270004250,
1,3270002660,
1,3270075430,
1,3270002340,
1,3270002360,
1,3270091490,
1,3270002510,
1,3270002140,
1,3270054140,
1,3270002030,
1,3270002190,
1,3270073910,
1,3270002530,
1,3270002740,
1,3270002580,
1,3270003070,
1,3270084920,
1,3270061200,
1,3270088050,
1,3270089220,
1,3270003080,
2,3270083400,
2,3270067320,
2,3270071830,
2,3270078230,
2,3270084170,
2,3270060740,
2,3270089210,
2,3270081030,
2,3270075990,
2,3270085830,
2,3270002590,
2,3270002070,
2,3270072910,
2,3270083390,
2,3270088390,
2,3270068230,
2,3270069430,
2,3270064980,
2,3270002110,
2,3270003010,
3,3270086290,
3,3270083040,
3,3270064290,
3,3270055130,
3,3270002820,
3,3270002080,
3,3270002430,
3,3270002450,
3,3270003190,
3,3270070390,
3,3270002600,
3,3270002310,
3,3270061630,
3,3270071030,
3,3270076930,
3,3270090740,
3,3270002370,
3,3270092810,
3,3270003090,
3,3270002150,
4,3270003120,
4,3270002330,
4,3270003160,
4,3270002460,
4,3270084060,
4,3270002280,
4,3270002480,
4,3270082050,
4,3270086800,
4,3270067330,
4,3270003200,
4,3270069010,
4,3270002650,
4,3270076460,
4,3270002100,
4,3270063690,
4,3270002560,
4,3270064040,
4,3270003180,
4,3270002900,
5,3270002410,
5,3270003170,
5,3270066510,
5,3270002920,
5,3270065970,
5,3270067350,
5,3270078610,
5,3270002770,
5,3270064280,
5,3270003220,
5,3270076160,
5,3270054120,
5,3270089850,
5,3270002890,
5,3270063230,
5,3270002870,
5,3270002160,
5,3270002980,
5,3270002270,
5,3270084930,
6,3270087800,
6,3270069020,
6,3270002350,
6,3270064020,
6,3270087810,
6,3270002400,
6,3270002260,
6,3270002490,
6,3270077940,
6,3270055110,
6,3270093000,
6,3270002550,
6,3270087020,
6,3270070370,
6,3270077950,
6,3270081580,
6,3270003130,
6,3270092300,
6,3270094010,
6,3270082820,
7,3270054130,
7,3270003140,
7,3270002010,
7,3270085090,
7,3270002970,
7,3270002990,
7,3270002630,
7,3270002710,
7,3270091980,
7,3270002620,
7,3270002960,
7,3270072120,
1,3270091500,
1,3270084040,
1,3270086530,
1,3270003840,
1,3270003640,
1,3270065730,
1,3270083650,
1,3270003710,
1,3270003440,
1,3270093420,
1,3270003390,
1,3270064730,
1,3270091350,
1,3270060310,
1,3270067780,
1,3270003910,
1,3270092710,
1,3270092460,
1,3270092850,
1,3270003500,
2,3270003870,
2,3270066340,
2,3270072710,
2,3270068540,
2,3270085270,
2,3270003570,
2,3270075280,
2,3270004190,
2,3270003550,
2,3270003830,
2,3270064010,
2,3270003590,
2,3270092990,
2,3270053980,
2,3270066850,
2,3270004110,
2,3270076760,
2,3270003430,
2,3270070900,
2,3270062030,
3,3270089840,
3,3270003630,
3,3270003820,
3,3270093830,
3,3270003930,
3,3270089680,
3,3270074130,
3,3270003530,
3,3270004020,
3,3270062720,
3,3270079030,
3,3270003240,
3,3270053960,
3,3270003760,
3,3270003360,
3,3270003380,
3,3270003860,
3,3270003490,
3,3270071150,
3,3270053970,
4,3270003480,
4,3270092450,
4,3270076770,
4,3270068930,
4,3270003340,
4,3270003400,
4,3270003300,
4,3270094090,
4,3270003680,
4,3270062430,
4,3270003670,
4,3270086540,
4,3270091340,
4,3270070260,
4,3270003720,
4,3270003470,
4,3270003420,
4,3270087140,
4,3270004080,
4,3270004150,
5,3270090650,
5,3270003850,
5,3270003450,
5,3270003650,
5,3270003540,
5,3270003950,
5,3270004160,
5,3270003290,
5,3270003810,
5,3270094100,
5,3270085990,
5,3270003620,
5,3270004120,
5,3270003520,
5,3270004140,
5,3270003510,
5,3270004170,
1,3270005070,
1,3270005260,
1,3270005640,
1,3270065290,
1,3270005400,
1,3270004970,
1,3270005270,
1,3270075580,
1,3270005410,
1,3270070280,
1,3270079690,
1,3270090990,
1,3270069380,
1,3270078200,
1,3270085600,
1,3270079920,
1,3270069630,
1,3270005160,
1,3270086050,
1,3270005310,
2,3270087890,
2,3270005290,
2,3270005570,
2,3270004980,
2,3270005180,
2,3270005140,
2,3270005110,
2,3270004930,
2,3270071200,
2,3270079110,
2,3270005050,
2,3270005340,
2,3270005660,
2,3270004960,
2,3270005350,
2,3270005490,
2,3270088540,
2,3270094020,
2,3270092470,
2,3270004950,
3,3270088550,
3,3270005610,
3,3270063500,
3,3270088910,
3,3270061980,
3,3270005200,
3,3270005220,
3,3270067000,
3,3270005170,
3,3270075380,
3,3270005370,
3,3270005240,
3,3270005380,
3,3270005000,
3,3270005390,
3,3270005650,
3,3270005020,
3,3270005470,
3,3270005100,
3,3270005060,
4,3270063520,
4,3270005080,
4,3270005590,
1,3270073160,
1,3270000520,
1,3270094030,
1,3270001410,
1,3270000960,
1,3270079510,
1,3270083770,
1,3270081570,
1,3270075370,
1,3270001470,
1,3270001820,
1,3270071050,
1,3270000440,
1,3270076450,
1,3270079660,
1,3270083420,
1,3270077150,
1,3270091640,
1,3270001100,
1,3270001490,
2,3270087900,
2,3270088410,
2,3270000800,
2,3270054290,
2,3270092350,
2,3270063960,
2,3270000470,
2,3270087390,
2,3270069250,
2,3270001560,
2,3270084790,
2,3270082540,
2,3270075970,
2,3270074450,
2,3270000360,
2,3270088420,
2,3270054250,
2,3270089580,
2,3270091030,
2,3270086940,
3,3270062090,
3,3270078160,
3,3270072930,
3,3270072950,
3,3270088400,
3,3270088430,
3,3270092310,
3,3270076660,
3,3270093060,
3,3270093010,
3,3270001960,
3,3270066030,
3,3270062640,
3,3270077130,
3,3270090580,
3,3270073360,
3,3270000790,
3,3270077440,
3,3270084210,
3,3270086510,
4,3270087440,
4,3270060600,
4,3270088810,
4,3270092320,
4,3270000140,
4,3270072220,
4,3270000170,
4,3270083410,
4,3270092820,
4,3270072960,
4,3270093840,
4,3270074460,
4,3270000190,
4,3270001660,
4,3270085800,
4,3270072940,
4,3270000600,
4,3270078150,
4,3270091660,
4,3270081040,
5,3270077430,
5,3270001130,
5,3270002000,
5,3270088820,
5,3270061410,
5,3270088680,
5,3270064520,
5,3270000160,
5,3270079670,
5,3270001340,
5,3270000690,
5,3270083920,
5,3270063750,
5,3270001120,
5,3270087420,
5,3270089040,
5,3270087690,
5,3270000200,
5,3270001540,
5,3270001930,
6,3270001200,
6,3270001910,
6,3270001270,
6,3270000640,
6,3270000950,
6,3270062290,
6,3270070860,
6,3270001900,
6,3270001210,
6,3270079650,
6,3270089570,
6,3270001150,
6,3270001290,
6,3270000320,
6,3270086030,
6,3270084220,
6,3270070820,
6,3270000760,
6,3270070470,
6,3270001730,
7,3270000020,
7,3270081950,
7,3270065000,
7,3270062410,
7,3270001890,
7,3270001990,
7,3270000740,
7,3270001550,
7,3270073220,
7,3270001450,
7,3270089890,
7,3270063950,
7,3270000890,
7,3270080840,
7,3270088440,
7,3270064440,
7,3270086930,
7,3270061390,
7,3270001640,
7,3270001980,
8,3270093780,
8,3270000830,
8,3270088920,
8,3270092830,
8,3270083700,
8,3270001460,
8,3270000250,
8,3270054180,
8,3270088830,
8,3270054240,
8,3270001260,
8,3270086680,
8,3270086020,
8,3270000590,
8,3270091650,
8,3270090400,
8,3270091630,
8,3270092130,
8,3270000650,
8,3270087930,
9,3270000990,
9,3270070460,
9,3270001800,
9,3270075960,
9,3270087410,
9,3270001970,
9,3270001140,
9,3270001330,
9,3270081930,
9,3270060610,
9,3270086840,
9,3270061010,
9,3270061770,
9,3270000900,
9,3270001300,
9,3270073110,
9,3270091940,
9,3270073880,
9,3270074180,
9,3270000350,
10,3270072240,
10,3270062630,
10,3270000880,
10,3270065200,
10,3270092340,
10,3270073370,
10,3270001190,
10,3270001530,
10,3270071260,
10,3270067040,
10,3270090120,
10,3270001690,
10,3270068370,
10,3270001870,
10,3270062490,
10,3270065310,
10,3270090390,
10,3270082740,
10,3270093790,
10,3270077830,
11,3270089880,
11,3270083060,
11,3270000070,
11,3270001000,
11,3270000410,
11,3270065300,
11,3270001630,
11,3270076880,
11,3270001840,
11,3270001010,
11,3270001360,
11,3270080610,
11,3270065680,
11,3270085620,
11,3270086670,
11,3270094040,
1,3270017540,
1,3270017050,
1,3270065080,
1,3270066180,
1,3270089500,
1,3270079270,
1,3270017360,
1,3270077630,
1,3270079630,
1,3270065070,
1,3270088350,
1,3270083440,
1,3270085520,
1,3270089490,
1,3270083430,
1,3270071550,
1,3270082230,
1,3270067270,
1,3270094080,
1,3270088780,
2,3270017280,
2,3270092100,
2,3270017370,
2,3270017310,
2,3270017190,
2,3270017070,
2,3270017170,
2,3270017250,
2,3270017220,
2,3270017380,
2,3270017480,
2,3270079640,
2,3270084900,
2,3270069130,
2,3270017130,
2,3270086970,
2,3270086520,
2,3270090980,
2,3270017430,
2,3270017180,
3,3270068160,
3,3270088330,
3,3270073670,
3,3270071560,
3,3270017090,
3,3270017080,
3,3270091520,
3,3270091510,
3,3270017300,
3,3270016970,
3,3270017230,
3,3270017390,
3,3270083780,
3,3270087380,
3,3270084550,
3,3270067790,
3,3270017000,
3,3270017040,
3,3270088340,
3,3270086980,
4,3270017270,
4,3270017470,
4,3270017460,
1,3270017590,
1,3270079610,
1,3270061350,
1,3270090510,
1,3270017630,
1,3270017600,
1,3270017740,
1,3270086240,
1,3270068880,
1,3270072260,
1,3270017880,
1,3270062710,
1,3270077460,
1,3270079620,
1,3270075260,
1,3270017560,
1,3270017720,
1,3270017850,
1,3270017680,
1,3270017800,
2,3270064970,
2,3270086080,
2,3270017830,
2,3270084890,
2,3270073530,
2,3270017690,
2,3270081620,
2,3270017840,
2,3270076260,
2,3270017860,
1,3270015960,
1,3270015080,
1,3270093180,
1,3270071140,
1,3270015130,
1,3270083940,
1,3270069140,
1,3270062330,
1,3270093460,
1,3270015600,
1,3270015940,
1,3270015480,
1,3270015440,
1,3270088370,
1,3270066000,
1,3270085560,
1,3270015380,
1,3270078180,
1,3270071130,
1,3270086560,
2,3270015970,
2,3270078070,
2,3270082070,
2,3270085550,
2,3270092120,
2,3270015160,
2,3270084590,
2,3270091310,
2,3270085050,
2,3270091530,
2,3270063450,
2,3270071530,
2,3270085540,
2,3270071880,
2,3270070200,
2,3270090440,
2,3270015980,
2,3270015290,
2,3270015730,
2,3270068360,
3,3270092210,
3,3270015140,
3,3270015370,
3,3270088110,
3,3270076020,
3,3270015530,
3,3270084600,
3,3270015810,
3,3270015150,
3,3270015790,
3,3270015320,
3,3270015830,
3,3270094210,
3,3270015190,
3,3270015520,
3,3270015120,
3,3270015570,
3,3270090430,
3,3270055010,
3,3270015890,
4,3270015910,
4,3270086790,
4,3270068060,
4,3270015850,
4,3270061800,
4,3270015270,
4,3270082060,
4,3270089990,
4,3270092730,
4,3270081900,
4,3270015690,
4,3270084030,
4,3270094200,
4,3270088880,
4,3270084740,
4,3270079020,
4,3270075630,
4,3270015870,
4,3270085530,
4,3270015800,
5,3270015240,
5,3270086990,
5,3270091770,
5,3270084910,
5,3270015280,
5,3270067800,
5,3270015950,
5,3270070180,
5,3270075270,
5,3270092110,
5,3270015720,
5,3270015710,
5,3270015590,
5,3270066530,
5,3270015260,
5,3270015070,
5,3270015920,
5,3270068530,
5,3270015700,
5,3270015620,
6,3270015630,
6,3270015880,
6,3270094050,
1,3270016510,
1,3270016790,
1,3270016680,
1,3270088890,
1,3270016470,
1,3270087850,
1,3270092860,
1,3270089510,
1,3270087350,
1,3270072820,
1,3270079800,
1,3270016560,
1,3270016910,
1,3270016650,
1,3270066820,
1,3270071330,
1,3270016800,
1,3270016900,
1,3270016820,
1,3270074070,
2,3270016830,
2,3270016730,
2,3270016670,
2,3270016520,
2,3270016460,
2,3270016590,
2,3270071340,
2,3270016930,
2,3270081770,
2,3270016620,
2,3270087870,
2,3270016540,
2,3270016600,
2,3270016810,
2,3270016720,
2,3270016740,
2,3270086500,
2,3270016850,
2,3270079450,
2,3270016690,
3,3270082510,
3,3270068210,
1,3270066190,
1,3270016310,
1,3270064060,
1,3270016420,
1,3270074630,
1,3270016150,
1,3270079860,
1,3270086440,
1,3270066020,
1,3270082240,
1,3270064760,
1,3270016350,
1,3270016070,
1,3270016100,
1,3270016380,
1,3270016170,
1,3270061470,
1,3270066010,
1,3270016240,
1,3270016080,
2,3270016210,
2,3270016330,
2,3270016430,
2,3270077870,
2,3270016340,
2,3270016410,
2,3270074410,
2,3270016030,
2,3270016260,
2,3270016020,
2,3270016250,
2,3270016270,
2,3270016130,
2,3270016180,
2,3270091320,
2,3270016190,
1,3270018280,
1,3270079440,
1,3270076270,
1,3270018120,
1,3270062650,
1,3270018370,
1,3270085580,
1,3270018340,
1,3270078190,
1,3270091330,
1,3270088030,
1,3270060670,
1,3270084880,
1,3270064570,
1,3270070250,
1,3270018000,
1,3270018010,
1,3270018080,
1,3270018350,
1,3270017980,
2,3270018100,
2,3270018090,
2,3270093800,
2,3270017960,
2,3270092750,
2,3270018110,
2,3270073480,
2,3270017900,
2,3270094220,
2,3270018330,
2,3270073490,
2,3270017950,
2,3270065350,
2,3270018240,
2,3270060680,
2,3270018170,
2,3270018190,
2,3270017930,
2,3270017920,
2,3270055040,
3,3270018270,
3,3270072080,
3,3270018020,
3,3270068920,
3,3270018130,
3,3270018220,
3,3270017940,
3,3270018030,
3,3270018140,
3,3270018050,
3,3270076040,
3,3270018320,
1,3270010840,
1,3270084760,
1,3270010640,
1,3270053900,
1,3270082760,
1,3270090960,
1,3270010280,
1,3270064710,
1,3270060640,
1,3270087460,
1,3270010480,
1,3270076030,
1,3270089320,
1,3270086550,
1,3270010260,
1,3270010650,
1,3270089330,
1,3270010550,
1,3270082260,
1,3270080990,
2,3270010780,
2,3270092380,
2,3270082250,
2,3270010470,
2,3270082270,
2,3270085980,
2,3270010750,
2,3270072090,
2,3270076240,
2,3270067230,
2,3270082600,
2,3270010810,
2,3270061150,
2,3270010530,
2,3270062020,
2,3270055020,
2,3270010730,
2,3270010450,
2,3270064700,
2,3270010770,
3,3270082710,
3,3270010510,
3,3270010560,
3,3270088360,
3,3270071850,
3,3270087820,
3,3270010670,
3,3270010570,
3,3270010800,
3,3270091960,
3,3270010340,
3,3270089310,
3,3270086700,
3,3270085570,
3,3270010580,
3,3270087830,
3,3270010380,
3,3270010760,
3,3270091780,
3,3270010330,
4,3270010460,
4,3270090670,
4,3270010740,
4,3270010320,
4,3270087450,
4,3270084750,
4,3270010310,
4,3270010390,
4,3270070220,
4,3270079880,
4,3270087670,
4,3270010270,
4,3270092890,
4,3270062690,
4,3270070750,
4,3270088100,
4,3270010300,
4,3270010410,
4,3270073230,
4,3270088900,
5,3270087130,
5,3270090970,
5,3270071860,
5,3270010700,
5,3270093620,
1,3270074110,
1,3270018710,
1,3270069620,
1,3270069400,
1,3270070230,
1,3270018850,
1,3270018790,
1,3270080290,
1,3270092370,
1,3270077200,
1,3270075660,
1,3270086250,
1,3270065340,
1,3270018420,
1,3270064670,
1,3270063210,
1,3270068910,
1,3270018730,
1,3270018870,
1,3270053950,
2,3270072680,
2,3270093600,
2,3270018940,
2,3270018690,
2,3270070890,
2,3270074470,
2,3270091550,
2,3270018460,
2,3270086450,
2,3270070880,
2,3270061160,
2,3270018930,
2,3270080440,
2,3270018810,
2,3270073610,
2,3270018750,
2,3270018510,
2,3270068900,
2,3270077880,
2,3270091540,
3,3270086460,
3,3270018800,
3,3270083080,
3,3270018520,
3,3270018910,
3,3270073250,
3,3270018610,
3,3270018880,
3,3270074100,
3,3270093820,
3,3270082520,
3,3270018530,
3,3270018450,
3,3270018620,
1,3270074440,
1,3270076780,
1,3270006950,
1,3270007080,
1,3270083090,
1,3270062040,
1,3270088450,
1,3270067370,
1,3270092390,
1,3270007120,
1,3270084500,
1,3270084510,
1,3270006580,
1,3270085590,
1,3270062050,
1,3270091560,
1,3270083800,
1,3270007010,
1,3270007170,
1,3270006770,
2,3270006630,
2,3270006650,
2,3270006940,
2,3270007160,
2,3270085190,
2,3270007110,
2,3270071120,
2,3270007060,
2,3270073420,
2,3270007000,
2,3270068960,
2,3270006790,
2,3270007240,
2,3270006690,
2,3270091570,
2,3270006700,
2,3270007070,
2,3270007200,
2,3270006670,
2,3270007220,
3,3270006680,
3,3270079040,
3,3270006590,
3,3270006850,
3,3270007040,
3,3270006870,
3,3270073630,
3,3270090770,
3,3270007090,
3,3270007100,
3,3270067460,
3,3270007140,
3,3270006920,
3,3270007020,
3,3270006710,
3,3270080700,
3,3270006960,
3,3270006780,
3,3270079790,
3,3270006810,
4,3270055050,
4,3270006800,
1,3270010990,
1,3270089690,
1,3270011750,
1,3270011680,
1,3270011150,
1,3270010930,
1,3270011040,
1,3270079910,
1,3270077610,
1,3270067280,
1,3270067820,
1,3270011780,
1,3270087510,
1,3270011310,
1,3270060690,
1,3270011170,
1,3270010910,
1,3270011250,
1,3270011410,
1,3270073740,
2,3270011180,
2,3270060700,
2,3270011300,
2,3270011620,
2,3270011820,
2,3270069580,
2,3270086000,
2,3270061170,
2,3270011450,
2,3270010980,
2,3270011760,
2,3270069420,
2,3270011540,
2,3270011810,
2,3270090730,
2,3270011790,
2,3270091580,
2,3270011110,
2,3270073510,
2,3270010970,
3,3270011350,
3,3270086060,
3,3270011020,
3,3270011160,
3,3270011380,
3,3270011420,
3,3270011100,
3,3270075420,
3,3270087520,
3,3270079100,
3,3270076900,
3,3270010940,
3,3270011400,
3,3270011070,
3,3270011030,
3,3270011460,
3,3270011130,
3,3270076300,
3,3270011770,
3,3270011370,
4,3270088460,
4,3270011140,
4,3270011550,
4,3270011050,
4,3270079520,
4,3270011330,
4,3270011240,
4,3270073500,
4,3270079090,
4,3270075230,
4,3270011220,
4,3270011270,
4,3270010870,
4,3270091590,
4,3270090530,
4,3270071180,
4,3270086070,
4,3270011650,
4,3270011510,
4,3270011060,
5,3270090000,
5,3270011280,
5,3270061490,
5,3270076010,
1,3270054020,
1,3270090540,
1,3270006360,
1,3270070290,
1,3270067360,
1,3270079940,
1,3270067690,
1,3270081050,
1,3270071270,
1,3270005930,
1,3270082280,
1,3270089290,
1,3270005940,
1,3270006000,
1,3270064990,
1,3270079930,
1,3270006130,
1,3270091740,
1,3270006350,
1,3270092720,
2,3270085060,
2,3270006540,
2,3270005820,
2,3270005830,
2,3270005700,
2,3270005690,
2,3270005850,
2,3270005900,
2,3270006290,
2,3270074650,
2,3270072100,
2,3270006430,
2,3270086650,
2,3270006370,
2,3270005780,
2,3270005770,
2,3270006040,
2,3270005860,
2,3270088040,
2,3270005800,
3,3270093410,
3,3270005840,
3,3270006470,
3,3270066950,
3,3270006020,
3,3270006060,
3,3270006150,
3,3270072890,
3,3270006120,
3,3270006220,
3,3270006440,
3,3270006550,
3,3270006560,
3,3270085610,
3,3270066970,
3,3270006450,
3,3270006170,
3,3270005910,
3,3270006520,
3,3270005710,
4,3270005950,
4,3270006570,
4,3270054030,
4,3270065470,
4,3270089700,
4,3270091730,
4,3270090110,
4,3270079080,
4,3270074140,
4,3270083610,
4,3270073700,
4,3270005740,
4,3270006070,
4,3270006280,
4,3270006250,
4,3270006530,
4,3270005790,
4,3270006460,
4,3270066930,
4,3270089280,
5,3270084940,
5,3270060730,
5,3270061190,
5,3270091950,
5,3270005730,
5,3270006240,
5,3270005870,
5,3270070300,
5,3270006110,
5,3270065750,
5,3270005810,
5,3270092400,
5,3270061180,
1,3270007550,
1,3270007570,
1,3270007370,
1,3270063590,
1,3270071820,
1,3270086580,
1,3270007260,
1,3270074560,
1,3270085840,
1,3270007450,
1,3270063580,
1,3270007490,
1,3270093440,
1,3270007470,
1,3270007620,
1,3270007650,
1,3270087470,
1,3270007480,
1,3270082720,
1,3270084480,
2,3270065440,
2,3270087480,
2,3270085510,
2,3270007730,
2,3270007310,
2,3270007460,
2,3270007680,
2,3270007760,
2,3270007320,
2,3270007360,
2,3270062860,
2,3270075440,
2,3270007340,
2,3270007700,
2,3270093190,
2,3270075450,
2,3270007300,
2,3270007380,
2,3270079850,
2,3270080600,
3,3270007780,
3,3270070400,
3,3270085850,
3,3270092910,
3,3270079840,
3,3270085030,
3,3270007250,
3,3270066780,
3,3270070410,
3,3270007560,
3,3270007580,
3,3270089860,
3,3270007630,
3,3270007720,
3,3270093430,
3,3270061650,
3,3270007520,
3,3270007270,
3,3270089550,
3,3270007610,
4,3270007690,
4,3270089540,
4,3270007640,
1,3270063200,
1,3270060510,
1,3270089070,
1,3270078640,
1,3270009100,
1,3270089260,
1,3270083660,
1,3270008230,
1,3270083860,
1,3270008850,
1,3270008780,
1,3270086110,
1,3270084580,
1,3270061000,
1,3270009460,
1,3270008550,
1,3270009770,
1,3270008120,
1,3270083370,
1,3270085630,
2,3270075950,
2,3270077970,
2,3270067250,
2,3270080970,
2,3270078260,
2,3270078270,
2,3270010220,
2,3270008210,
2,3270086480,
2,3270085330,
2,3270065330,
2,3270071590,
2,3270084730,
2,3270087720,
2,3270009630,
2,3270087710,
2,3270082290,
2,3270092030,
2,3270008790,
2,3270086490,
3,3270087040,
3,3270008060,
3,3270092430,
3,3270083360,
3,3270091300,
3,3270068580,
3,3270079810,
3,3270009830,
3,3270072810,
3,3270090750,
3,3270010120,
3,3270008500,
3,3270009930,
3,3270069590,
3,3270068380,
3,3270090500,
3,3270086120,
3,3270084570,
3,3270062270,
3,3270062730,
4,3270009120,
4,3270087160,
4,3270093470,
4,3270089250,
4,3270085100,
4,3270069040,
4,3270074940,
4,3270008490,
4,3270088480,
4,3270090940,
4,3270089970,
4,3270071310,
4,3270069600,
4,3270081420,
4,3270080450,
4,3270090950,
4,3270084560,
4,3270008580,
4,3270009900,
4,3270066590,
5,3270082800,
5,3270008290,
5,3270008470,
5,3270055170,
5,3270081670,
5,3270089750,
5,3270081920,
5,3270009020,
5,3270073460,
5,3270054350,
5,3270073440,
5,3270080980,
5,3270008890,
5,3270008380,
5,3270009010,
5,3270008040,
5,3270009540,
5,3270081800,
5,3270009470,
5,3270007920,
6,3270008050,
6,3270008960,
6,3270007950,
6,3270008560,
6,3270088940,
6,3270009820,
6,3270067880,
6,3270010040,
6,3270008460,
6,3270008670,
6,3270008610,
6,3270090130,
6,3270008660,
6,3270009030,
6,3270007980,
6,3270009620,
6,3270066570,
6,3270071320,
6,3270067490,
6,3270008930,
7,3270083850,
7,3270009790,
7,3270009730,
7,3270093480,
7,3270079460,
7,3270009660,
7,3270086810,
7,3270072490,
7,3270009740,
7,3270010070,
7,3270073430,
7,3270081790,
7,3270054370,
7,3270008730,
7,3270072700,
7,3270091750,
7,3270085120,
7,3270093640,
7,3270093090,
7,3270090760,
8,3270092920,
8,3270008510,
8,3270061210,
8,3270009590,
8,3270008370,
8,3270009250,
8,3270094190,
8,3270079820,
8,3270009260,
8,3270086100,
8,3270008940,
8,3270009890,
8,3270008110,
8,3270070480,
8,3270063460,
8,3270010090,
8,3270077960,
8,3270009330,
8,3270010200,
8,3270009780,
9,3270071060,
9,3270009510,
9,3270087370,
9,3270009490,
9,3270093630,
9,3270008800,
9,3270092010,
9,3270069610,
9,3270080960,
9,3270086910,
9,3270087170,
9,3270072340,
9,3270008070,
9,3270092440,
9,3270080830,
9,3270009440,
9,3270009400,
9,3270088060,
9,3270008910,
9,3270062280,
10,3270009760,
10,3270008630,
10,3270009430,
10,3270089960,
10,3270086090,
10,3270063820,
10,3270008130,
10,3270007850,
10,3270089740,
10,3270008450,
10,3270076440,
10,3270066360,
10,3270008390,
10,3270009130,
10,3270008010,
10,3270007990,
10,3270091760,
10,3270009800,
10,3270093200,
10,3270007940,
11,3270009570,
11,3270087360,
11,3270075680,
11,3270089730,
11,3270009060,
11,3270066130,
11,3270009940,
11,3270008150,
11,3270009280,
11,3270008680,
11,3270008260,
11,3270086270,
11,3270008000,
11,3270087030,
11,3270008950,
11,3270073830,
11,3270094070,
11,3270068040,
11,3270010000,
11,3270008090,
12,3270082690,
12,3270072130,
12,3270076650,
12,3270009300,
12,3270008200,
12,3270087940,
12,3270061370,
12,3270007890,
12,3270009810,
12,3270085320,
12,3270008160,
12,3270089060,
12,3270079470,
12,3270090420,
12,3270067620,
12,3270092020,
12,3270008250,
12,3270009180,
12,3270081680,
12,3270066810,
13,3270007900,
13,3270082700,
13,3270072320,
13,3270008270,
13,3270008240,
13,3270086660,
13,3270085170,
13,3270054300,
13,3270064800,
13,3270075590,
13,3270060500,
13,3270053730,
13,3270085180,
13,3270008600,
1,3270069190,
1,3270012500,
1,3270012150,
1,3270012360,
1,3270012410,
1,3270012810,
1,3270073560,
1,3270012000,
1,3270081060,
1,3270078220,
1,3270082610,
1,3270081640,
1,3270012800,
1,3270068180,
1,3270084520,
1,3270091360,
1,3270084870,
1,3270066160,
1,3270078210,
1,3270076690,
2,3270078590,
2,3270064690,
2,3270065710,
2,3270092360,
2,3270074490,
2,3270074660,
2,3270078880,
2,3270067380,
2,3270093810,
2,3270090560,
2,3270012260,
2,3270012440,
2,3270072110,
2,3270074090,
2,3270065720,
2,3270065700,
2,3270085290,
2,3270012230,
2,3270083100,
2,3270066770,
3,3270012600,
3,3270087530,
3,3270086010,
3,3270072830,
3,3270011930,
3,3270063670,
3,3270012080,
3,3270092000,
3,3270064680,
3,3270061600,
3,3270080330,
3,3270070320,
3,3270012590,
3,3270054050,
3,3270053770,
3,3270012690,
3,3270075390,
3,3270011990,
3,3270012090,
3,3270012580,
4,3270012300,
4,3270069200,
4,3270012350,
4,3270012370,
4,3270012680,
4,3270083620,
4,3270012220,
4,3270090550,
4,3270070310,
4,3270012770,
4,3270083630,
4,3270012250,
4,3270012430,
4,3270069210,
4,3270012490,
4,3270093610,
4,3270011960,
4,3270012270,
4,3270092900,
4,3270012740,
5,3270012730,
5,3270075400,
5,3270065950,
5,3270011940,
5,3270070330,
5,3270012640,
5,3270012710,
5,3270082840,
5,3270011890,
5,3270085820,
5,3270087050,
5,3270011950,
5,3270012760,
5,3270012290,
5,3270012780,
5,3270070810,
5,3270012320,
5,3270012540,
5,3270078870,
5,3270012140,
6,3270012330,
1,3270068980,
1,3270020020,
1,3270020350,
1,3270090010,
1,3270086420,
1,3270092740,
1,3270019800,
1,3270020720,
1,3270091000,
1,3270060590,
1,3270020030,
1,3270091970,
1,3270087560,
1,3270020710,
1,3270020070,
1,3270063530,
1,3270087550,
1,3270082940,
1,3270068970,
1,3270083460,
2,3270091020,
2,3270065760,
2,3270090410,
2,3270081070,
2,3270077650,
2,3270074690,
2,3270021000,
2,3270077170,
2,3270020420,
2,3270074680,
2,3270089230,
2,3270019740,
2,3270019850,
2,3270020640,
2,3270087580,
2,3270020110,
2,3270019940,
2,3270070350,
2,3270061440,
2,3270086230,
3,3270066170,
3,3270020410,
3,3270020970,
3,3270054070,
3,3270020480,
3,3270020530,
3,3270068020,
3,3270020510,
3,3270078090,
3,3270020990,
3,3270076310,
3,3270088980,
3,3270080630,
3,3270019820,
3,3270019830,
3,3270077160,
3,3270020570,
3,3270020000,
3,3270085070,
3,3270079530,
4,3270062900,
4,3270020130,
4,3270020760,
4,3270061050,
4,3270069000,
4,3270087540,
4,3270020200,
4,3270088690,
4,3270019960,
4,3270020100,
4,3270020270,
4,3270088120,
4,3270020550,
4,3270020790,
4,3270080870,
4,3270019920,
4,3270077180,
4,3270091790,
4,3270020430,
4,3270092840,
5,3270020400,
5,3270020840,
5,3270020700,
5,3270020250,
5,3270069220,
5,3270084710,
5,3270020650,
5,3270020930,
5,3270020960,
5,3270019780,
5,3270020910,
5,3270071170,
5,3270082850,
5,3270019840,
5,3270020770,
5,3270063540,
5,3270019930,
5,3270020780,
5,3270087570,
5,3270020830,
6,3270020820,
6,3270020060,
6,3270020340,
6,3270020140,
6,3270061620,
6,3270019990,
6,3270019870,
6,3270020010,
6,3270020230,
6,3270075410,
6,3270020220,
6,3270020870,
6,3270020170,
6,3270020320,
6,3270019950,
1,3270013260,
1,3270013720,
1,3270013480,
1,3270013580,
1,3270080740,
1,3270067290,
1,3270088470,
1,3270013200,
1,3270092480,
1,3270067300,
1,3270013760,
1,3270074150,
1,3270087600,
1,3270070100,
1,3270013140,
1,3270076700,
1,3270090460,
1,3270077600,
1,3270066550,
1,3270012900,
2,3270013270,
2,3270013670,
2,3270079010,
2,3270013530,
2,3270013030,
2,3270084860,
2,3270013130,
2,3270013010,
2,3270075460,
2,3270012940,
2,3270093650,
2,3270013250,
2,3270013470,
2,3270013460,
2,3270063040,
2,3270073640,
2,3270077210,
2,3270012920,
2,3270013620,
2,3270013440,
3,3270083640,
3,3270013380,
3,3270013540,
3,3270012910,
3,3270078600,
3,3270065450,
3,3270054080,
3,3270012870,
3,3270091600,
3,3270013280,
3,3270013100,
3,3270078890,
3,3270087060,
3,3270088990,
3,3270013360,
3,3270013190,
3,3270013560,
3,3270087590,
3,3270013120,
3,3270013590,
4,3270072290,
4,3270013770,
4,3270071020,
4,3270013420,
4,3270012960,
4,3270013210,
4,3270093210,
4,3270075670,
4,3270072900,
4,3270013310,
4,3270013640,
4,3270012930,
4,3270012880,
4,3270013390,
4,3270012890,
4,3270079000,
4,3270012850,
4,3270013500,
4,3270013340,
4,3270013230,
5,3270013020,
5,3270063220,
5,3270012950,
5,3270013070,
1,3270055090,
1,3270019610,
1,3270019560,
1,3270090450,
1,3270085790,
1,3270019590,
1,3270074570,
1,3270019180,
1,3270079960,
1,3270063560,
1,3270063550,
1,3270093960,
1,3270066500,
1,3270064770,
1,3270083810,
1,3270019730,
1,3270071930,
1,3270019650,
1,3270019510,
1,3270019120,
2,3270065480,
2,3270054110,
2,3270019660,
2,3270090570,
2,3270019630,
2,3270019110,
2,3270019160,
2,3270019430,
2,3270019210,
2,3270055100,
2,3270019300,
2,3270089530,
2,3270019000,
2,3270087680,
2,3270019550,
2,3270019330,
2,3270019470,
2,3270019640,
2,3270019290,
2,3270019360,
3,3270018980,
3,3270089710,
3,3270019080,
3,3270019600,
3,3270062670,
3,3270071480,
3,3270077930,
3,3270019140,
3,3270019670,
3,3270019100,
3,3270019050,
3,3270019400,
3,3270019690,
3,3270067010,
3,3270019130,
3,3270019410,
3,3270073900,
3,3270019380,
3,3270019440,
3,3270019450,
4,3270019420,
4,3270019320,
4,3270061020,
4,3270018960,
4,3270019570,
4,3270091800,
4,3270019150,
4,3270019530,
4,3270019090,
4,3270019720,
4,3270019010,
4,3270065220,
1,3270087790,
1,3270021610,
1,3270021570,
1,3270078240,
1,3270084610,
1,3270081010,
1,3270086170,
1,3270077110,
1,3270074580,
1,3270021720,
1,3270086570,
1,3270021510,
1,3270021350,
1,3270092410,
1,3270062300,
1,3270060420,
1,3270075980,
1,3270081000,
1,3270078250,
1,3270089300,
2,3270092420,
2,3270067390,
2,3270021560,
2,3270021690,
2,3270067600,
2,3270081460,
2,3270084190,
2,3270091820,
2,3270071190,
2,3270021460,
2,3270021240,
2,3270021740,
2,3270021680,
2,3270021430,
2,3270081590,
2,3270021020,
2,3270021630,
2,3270021340,
2,3270021580,
2,3270021360,
3,3270021190,
3,3270080310,
3,3270021390,
3,3270060430,
3,3270021060,
3,3270021730,
3,3270078620,
3,3270021100,
3,3270021480,
3,3270083690,
3,3270021670,
3,3270083820,
3,3270082750,
3,3270021090,
3,3270021770,
3,3270021410,
3,3270061120,
3,3270074590,
3,3270071280,
3,3270021080,
4,3270084180,
4,3270021300,
4,3270086160,
4,3270080620,
4,3270021120,
4,3270021400,
4,3270021650,
4,3270072450,
4,3270021490,
4,3270065500,
4,3270021760,
4,3270021660,
4,3270021780,
4,3270021500,
4,3270021200,
4,3270021050,
4,3270021320,
4,3270021620,
4,3270070420,
4,3270021600,
1,3270014950,
1,3270014250,
1,3270070430,
1,3270014380,
1,3270014170,
1,3270072460,
1,3270083840,
1,3270014260,
1,3270014440,
1,3270014620,
1,3270091290,
1,3270089720,
1,3270090020,
1,3270081020,
1,3270089010,
1,3270094060,
1,3270072920,
1,3270069440,
1,3270084490,
1,3270067030,
2,3270013850,
2,3270068240,
2,3270089560,
2,3270060450,
2,3270014660,
2,3270014900,
2,3270069230,
2,3270067310,
2,3270074600,
2,3270013870,
2,3270079830,
2,3270014100,
2,3270088800,
2,3270014730,
2,3270073400,
2,3270014230,
2,3270083830,
2,3270014160,
2,3270014890,
2,3270014920,
3,3270072470,
3,3270014750,
3,3270014460,
3,3270014610,
3,3270014060,
3,3270014330,
3,3270073380,
3,3270084780,
3,3270014290,
3,3270014580,
3,3270014020,
3,3270014180,
3,3270013820,
3,3270013880,
3,3270087010,
3,3270014360,
3,3270014280,
3,3270092870,
3,3270014090,
3,3270073390,
4,3270014350,
4,3270091830,
4,3270013860,
4,3270055150,
4,3270068570,
4,3270014990,
4,3270013830,
4,3270014450,
4,3270061430,
4,3270014700,
4,3270067020,
4,3270014970,
4,3270014220,
4,3270081450,
4,3270014320,
4,3270014080,
4,3270076680,
4,3270014070,
4,3270014820,
4,3270014630,
5,3270014980,
5,3270014390,
5,3270014550,
5,3270014110,
5,3270079250,
5,3270013920,
5,3270014650,
5,3270014560,
5,3270014830,
5,3270013950,
5,3270014570,
5,3270062310,
5,3270072480,
5,3270014470,
5,3270014790,
5,3270089020,
5,3270013840,
5,3270014400,
5,3270014960,
5,3270013960,
6,3270014120,
6,3270014240,
6,3270014210,
6,3270086900,
6,3270078940,
6,3270014490,
6,3270089000,
6,3270014300,
6,3270014530,
6,3270014710,
6,3270014680,
6,3270054150,
6,3270013990,
6,3270014880,
6,3270014370,
6,3270014430,
6,3270014310,
6,3270083050,
6,3270014640,
6,3270014760,
7,3270014480,
7,3270064740,
7,3270076150,
7,3270013890,
7,3270014770,
7,3270066310,
7,3270091610,
